1280	1805
0	64	68	166	189	213	238	239	254	264	293	297	301	306	313	316	325	348	354	357	358	376	378	382	391	400	411	450	460	467	473	474	540	543	550	558	572	573	576	579	591	596	620	636	649	659	660	666	685	690	693	696	701	703	704	707	719	720	721	722	724	725	779	780	782	787	788	790	799	800	807	820	833	846	850	854	867	884	888	896	897	903	935	939	941	976	984	1000	1024	1025	1038	1117	1491	1492	1494	1662	1664	1666	1667	1669	1710	1711	1713	1718	1719	1721	
0	249	492	935	
0	489	576	579	935	
0	483	518	576	935	
0	576	579	686	
1	239	306	576	761	
1	579	761	807	
2	239	306	576	762	
2	579	762	807	
3	579	763	807	
4	1366	
4	239	306	576	764	
4	579	764	807	
5	239	306	576	765	
5	579	765	807	
6	1368	
6	239	306	576	766	
7	239	306	576	767	
10	154	239	306	
11	576	579	877	
11	357	419	576	579	
13	576	660	1373	1607	1636	
14	197	404	556	
15	197	590	765	
15	197	556	590	
16	197	764	770	
16	556	576	585	807	
16	197	556	770	
17	556	576	742	807	
17	197	556	746	
18	556	576	740	807	
18	197	556	739	
20	197	556	930	
22	576	1399	1607	
22	579	724	852	
23	579	615	852	
24	108	579	
24	153	213	357	
25	26	306	576	820	
27	460	576	579	
27	474	475	
28	302	576	579	852	
29	132	579	
29	256	576	721	722	
30	133	579	
30	51	576	721	722	
31	102	576	719	720	
33	61	576	721	722	
34	489	573	576	579	820	
35	36	
37	277	503	784	
37	403	503	576	579	
38	1402	
38	503	576	579	979	
39	279	503	786	
39	503	576	579	981	
40	503	576	579	584	
41	281	503	788	
43	283	503	790	
44	403	504	576	579	
45	1409	
45	278	504	785	
46	1410	
46	279	504	786	
48	281	504	788	
48	504	576	579	586	
49	1413	
50	1414	
50	504	576	579	741	
52	576	721	722	884	
53	304	576	721	722	
53	213	357	550	
54	131	356	576	579	
56	403	556	576	579	
57	501	852	
57	194	579	
58	579	679	
59	512	579	
60	501	852	
61	537	576	719	720	
61	537	576	721	722	
61	576	618	719	720	
62	576	721	722	772	
63	64	549	557	
63	64	576	577	1607	
63	64	576	719	720	1607	
63	64	576	579	945	946	
63	64	1607	1609	1773	1774	
64	356	419	576	745	820	
65	453	807	1018	
65	234	386	807	
65	410	575	807	
65	429	612	807	
65	807	943	944	
67	576	628	629	630	631	
67	239	306	576	579	807	909	910	913	914	
69	356	549	576	
69	608	
70	556	576	579	586	
72	99	579	
72	100	579	
73	163	576	579	807	
73	163	239	306	
75	357	576	579	734	817	
78	357	489	817	
79	1419	
80	1420	
82	84	247	264	576	
82	85	239	306	576	579	719	720	807	
83	84	732	
83	84	239	306	576	579	719	720	807	
86	151	356	576	
87	153	576	579	721	722	
87	864	
89	239	306	554	576	
91	92	852	
93	1421	
94	1422	
94	556	576	579	979	
96	356	719	720	819	
97	573	820	
98	576	579	709	724	
100	132	213	357	576	579	
101	171	356	576	
102	103	239	306	576	
103	356	576	1034	
104	576	719	720	855	
107	319	579	
107	232	576	721	722	
109	307	579	
109	206	576	719	720	
111	576	1427	1607	
112	135	576	721	722	
113	136	576	721	722	
114	579	916	
114	137	576	721	722	
115	393	579	
117	140	576	721	722	
119	142	576	719	720	
120	143	576	719	720	
121	144	576	721	722	
122	579	947	
122	145	576	721	722	
123	579	735	
123	146	576	719	720	
124	579	948	
126	579	747	
127	579	950	
127	150	576	721	722	
129	576	1429	1607	
130	579	927	
130	152	576	719	720	
131	501	579	884	976	
132	251	543	1025	
134	197	334	356	576	665	
137	197	356	576	590	665	
146	213	357	613	
147	197	356	576	592	665	
148	197	356	576	665	770	
150	197	356	576	665	713	
151	168	745	820	
152	213	357	405	
154	155	576	719	720	
156	348	807	
157	254	576	894	
158	576	1431	1607	
158	529	543	579	
158	356	543	576	
159	251	543	846	
160	161	576	852	
162	163	239	306	576	
165	264	387	416	576	685	721	722	984	
166	576	630	633	
170	172	239	306	576	
173	302	576	721	722	807	
174	457	576	579	719	720	
174	576	719	720	750	
175	176	355	376	382	576	820	
176	356	576	771	
177	181	579	807	
177	432	867	
180	544	
180	576	579	816	
181	182	576	721	722	
184	537	576	721	722	
184	576	618	719	720	
184	576	618	721	722	
185	511	579	
185	538	579	
186	234	387	579	
188	190	234	579	
189	576	583	685	935	
189	576	693	719	720	
190	576	1434	1607	
191	431	576	718	726	
192	420	521	
194	356	721	722	871	
195	507	576	721	722	
196	264	266	390	
197	267	306	713	820	979	
197	267	306	820	930	981	
197	267	306	586	590	820	
197	267	306	741	746	820	
197	267	306	403	404	820	
197	576	585	770	807	
197	576	739	740	807	
197	576	742	746	807	
197	284	357	576	773	
197	590	638	640	
197	640	653	713	
197	394	395	576	579	
197	576	579	930	981	
197	576	579	586	590	
197	576	579	736	743	
197	209	232	356	576	665	
197	356	560	576	665	752	
198	576	1435	1607	
199	200	253	579	
199	239	306	576	807	999	1010	
201	254	543	579	
202	213	357	576	897	
204	576	604	719	720	
205	251	356	576	732	895	902	925	
206	213	357	
207	579	580	711	724	732	
207	285	576	719	720	
208	233	239	306	
208	230	579	753	
208	213	267	306	357	820	
208	231	382	576	581	
208	213	611	613	
210	576	1440	1607	
211	213	357	576	719	720	
211	1441	
211	464	576	719	720	
211	248	366	576	579	823	
211	463	487	488	576	579	732	895	
211	550	941	
213	351	357	576	579	734	
213	220	357	536	
213	289	357	860	
213	356	357	719	720	852	
213	356	357	484	485	576	852	
213	231	357	884	
213	357	576	715	897	
213	357	443	444	576	
217	270	273	579	
217	219	349	579	
218	576	820	993	1024	
219	224	
223	226	852	
223	224	239	306	576	
224	783	852	1446	
225	783	852	1447	
227	579	616	
228	229	247	264	
234	576	579	612	724	
234	576	1451	1607	
234	235	579	866	
234	235	807	858	
236	237	239	306	576	
236	306	328	576	823	
237	245	573	576	820	
238	245	564	576	863	
239	306	576	579	807	1076	1449	
239	267	522	573	
239	267	619	635	
239	255	306	576	579	807	1459	
239	258	259	306	576	
239	258	306	576	579	807	1460	
239	275	576	579	
239	292	306	576	579	807	1470	
239	293	306	576	579	807	1471	
239	299	306	576	579	807	1474	
239	306	576	579	807	
239	306	576	579	807	1607	
239	306	328	576	579	807	1480	
239	306	335	576	579	724	807	829	
239	306	332	576	579	807	1482	
239	306	346	576	579	807	1483	
239	306	576	579	807	1243	1633	
239	306	358	576	579	807	1498	
239	306	359	576	579	807	1499	
239	306	357	370	371	807	
239	306	357	374	375	807	
239	306	376	540	543	576	579	807	1024	
239	306	377	576	579	807	1507	
239	306	378	576	579	807	1508	
239	306	398	399	
239	306	388	389	
239	306	415	424	543	576	807	
239	306	442	449	
239	306	452	453	576	
239	306	576	579	807	1149	1540	
239	306	463	576	579	807	1545	
239	306	351	474	576	579	807	1551	
239	306	478	576	579	807	1555	
239	306	480	576	579	807	1557	
239	306	465	472	576	
239	306	503	576	579	807	1569	
239	306	505	576	579	807	1571	
239	306	506	576	579	807	1572	
239	306	509	510	576	
239	306	483	489	518	576	807	
239	306	536	576	579	807	1586	
239	306	540	576	579	807	1591	
239	306	382	543	547	576	807	
239	306	543	576	579	807	1592	
239	306	553	556	576	
239	306	561	563	576	
239	306	564	570	576	
239	306	572	574	576	807	897	
239	306	572	576	579	807	1604	
239	242	576	595	602	
239	242	576	606	802	
239	306	507	536	576	
239	306	466	494	576	
239	306	576	579	593	807	1614	
239	306	576	579	596	807	1615	
239	306	576	605	803	
239	306	576	579	620	807	1620	
239	306	576	579	634	807	1625	
239	306	576	579	653	807	1633	
239	306	576	579	807	1242	1632	
239	306	576	579	660	807	1636	
239	306	576	579	673	807	1643	
239	306	576	579	674	807	1644	
239	306	576	579	668	807	1640	
239	306	576	579	688	807	1653	
239	306	576	579	687	807	1652	
239	306	576	579	685	807	1651	
239	306	576	579	701	807	1660	
239	306	576	579	710	807	1661	
239	306	522	573	
239	306	1002	1024	
239	306	442	450	
239	306	451	454	
239	306	398	400	
239	306	388	391	
239	306	576	579	725	807	1681	
239	306	576	579	725	807	1681	
239	306	576	579	807	
239	306	576	579	807	1281	1689	
239	306	576	579	761	807	1699	
239	306	576	579	764	807	1702	
239	306	576	579	765	807	1703	
239	306	576	579	766	807	1704	
239	306	576	579	767	807	1705	
239	306	576	579	776	807	1707	
239	306	576	579	779	807	1710	
239	306	576	579	788	807	1719	
239	306	576	579	797	807	1728	
239	306	576	579	800	807	1730	
239	306	813	815	
239	306	356	734	783	
239	306	820	823	
239	306	807	820	
239	250	306	491	576	807	
239	306	576	579	807	834	1738	
239	306	576	579	807	846	1741	
239	306	576	849	850	
239	306	576	775	851	
239	306	576	783	852	
239	306	836	857	
239	306	487	576	867	
239	306	576	862	872	
239	306	576	868	869	
239	388	579	951	952	
239	388	567	568	579	
239	306	467	468	473	576	579	807	910	911	913	914	
239	306	576	579	807	925	1766	
239	306	576	654	655	
239	306	576	579	807	941	1769	
239	306	449	576	944	
239	306	937	939	
239	306	576	579	807	978	1777	
239	306	576	579	807	983	1781	
239	305	576	807	939	
239	306	542	576	807	997	998	
239	254	306	576	807	997	999	
239	306	576	1033	1036	
239	306	576	1034	1037	
239	306	576	579	807	1038	1804	
240	306	500	576	820	
241	306	562	576	820	
243	267	576	579	859	
246	579	846	1022	
246	293	356	576	
247	264	360	576	780	
247	264	361	576	782	
247	264	576	583	685	
247	264	666	667	
247	264	440	576	1017	
248	418	
248	422	576	579	820	
251	356	357	719	720	903	
251	301	543	734	
251	540	543	576	721	722	
251	543	597	622	
251	543	750	806	
251	543	799	805	
251	444	445	543	
251	543	1004	1005	
252	301	356	576	
253	269	270	579	
253	576	1457	1607	
253	579	1010	1012	
254	576	1458	1607	
254	576	1458	1607	
254	716	1458	1678	
254	382	628	629	
254	382	913	914	
261	356	576	579	724	1021	
262	466	
264	356	368	387	685	822	
264	306	579	685	807	820	
267	397	499	
267	297	301	306	540	543	576	579	820	
267	297	301	306	576	724	820	
267	301	303	306	820	958	
267	311	378	702	706	
267	322	378	706	1027	
267	306	357	396	576	820	1516	1607	
267	306	357	405	576	820	1519	1607	
267	306	357	576	820	928	1607	1778	
267	306	357	576	820	932	1607	1779	
267	306	357	576	810	820	1607	1612	
267	306	357	576	748	820	1607	1695	
267	306	357	576	737	820	1607	1696	
267	306	543	548	820	961	
267	306	540	543	564	576	579	820	1030	
267	306	685	689	820	967	
267	576	579	719	727	
267	306	436	576	719	724	820	
267	306	576	579	820	
267	306	576	743	744	820	
267	306	357	768	798	820	
267	306	820	833	835	969	
267	306	576	836	859	
267	306	357	820	877	901	
267	306	820	973	976	977	
268	576	1464	1607	
274	820	826	836	
275	306	576	820	
286	306	522	573	579	807	820	896	
287	871	
288	576	1467	1607	
288	576	1467	1607	
289	519	576	1002	1006	
290	507	579	609	
290	783	852	1468	
291	292	467	468	473	576	
293	294	499	
297	576	1473	1607	
299	300	571	572	579	
301	397	522	573	576	623	807	
301	576	614	707	708	
301	499	576	614	902	
301	576	580	614	732	
301	499	724	
301	576	1475	1607	
301	576	1475	1607	
301	576	1475	1607	
302	576	605	721	722	
306	657	658	820	
306	576	705	706	820	
306	576	698	699	820	
306	576	719	727	820	
306	436	576	726	820	
306	437	576	771	820	
306	391	484	485	576	579	
306	576	820	884	885	
308	369	372	520	
309	552	576	579	719	720	
309	347	576	719	720	
311	312	573	576	820	
312	313	573	576	820	
314	318	576	579	719	720	
314	321	487	488	576	579	732	895	
316	317	576	579	721	722	
316	576	1476	1607	
319	320	576	719	720	
319	320	576	721	722	
323	324	573	576	820	
327	421	576	579	
331	352	576	753	807	
331	759	760	807	
332	1482	
334	931	
335	366	576	724	
336	376	576	579	807	
336	398	579	951	952	
336	398	567	568	579	
337	376	576	761	820	
337	355	576	837	884	
338	355	576	579	765	
338	355	556	576	795	
339	355	576	579	764	
339	355	556	576	794	
340	355	576	579	767	
342	376	576	763	820	
342	355	556	576	793	
343	355	576	579	762	
343	355	556	576	792	
343	355	576	838	884	
344	423	576	719	720	
345	414	576	719	720	
348	615	
349	783	852	1485	
351	576	1486	1607	
351	902	1486	1761	
353	355	576	642	654	
354	576	1487	1607	
355	385	579	807	
355	376	576	579	820	
356	368	576	579	732	822	
356	576	579	582	
356	663	719	720	852	
356	664	721	722	852	
356	576	694	817	
356	576	726	820	836	856	
356	576	734	852	
356	357	576	665	667	749	
356	576	753	846	
356	490	576	758	
356	576	579	734	783	807	
356	576	579	805	819	
356	576	776	837	
356	576	778	839	
356	576	579	724	900	907	
357	403	405	576	579	
357	576	579	932	981	
357	576	579	738	898	
357	576	579	741	748	
357	576	579	611	613	
357	605	903	906	
357	579	892	903	933	
358	576	1498	1607	
358	1498	
364	365	467	468	473	576	
364	365	473	576	861	867	
365	576	1502	1607	
367	573	579	820	
369	520	1503	1584	
369	370	1503	1504	
370	576	1504	1607	
371	372	
373	385	579	866	
376	576	702	703	820	
377	576	1124	1215	
378	1508	
379	576	683	852	926	
381	579	581	724	852	
382	1512	
383	579	583	724	852	
385	576	1513	1607	
386	429	576	579	724	
386	389	579	807	
391	430	576	579	724	
393	396	467	468	
395	576	719	720	931	
399	400	576	579	820	
404	576	721	722	929	
407	522	579	951	952	
408	410	579	807	
410	576	1521	1607	
411	484	485	573	576	579	
412	1522	
413	470	647	
413	556	707	708	
413	647	869	
414	576	601	732	
415	576	721	722	935	
417	576	721	722	938	
417	420	
420	422	579	807	
421	707	708	754	
421	499	754	902	
426	576	721	722	940	
426	576	719	720	940	
427	430	576	579	807	
428	430	576	579	820	
429	576	1524	1607	
433	576	578	579	719	720	
433	627	
435	1526	
438	439	1531	1532	
440	576	719	720	878	
442	448	576	617	643	
445	447	579	
446	448	576	721	722	
451	579	951	952	1002	
451	567	568	579	1002	
452	454	576	579	820	
452	453	579	807	
453	576	1537	1607	
457	466	501	1033	
458	579	594	
460	467	468	473	480	576	
461	576	721	722	809	
464	1546	
465	783	852	1561	
466	783	852	1561	
466	677	
466	507	
466	576	719	720	876	
467	468	610	613	
467	468	735	737	
467	468	927	928	
467	468	589	810	
467	468	747	898	
467	468	473	481	482	576	
467	468	473	576	628	629	630	631	
467	468	473	576	628	629	631	632	
467	468	576	911	912	
469	572	604	
469	487	488	576	579	710	732	895	
469	550	579	580	732	875	
473	576	800	821	
473	576	1549	1607	
473	576	1549	1607	
473	476	477	487	488	576	
473	478	479	576	861	867	
473	481	482	487	488	576	
479	576	1556	1607	
482	576	1559	1607	
484	485	576	721	722	
487	488	521	576	579	634	732	895	
487	488	549	576	579	732	895	915	
489	490	756	758	
489	576	1560	1607	
492	579	623	
493	627	745	820	
494	507	579	899	
494	536	
496	507	579	660	
497	576	679	719	720	
499	707	708	902	
499	579	664	
499	576	1565	1607	
499	576	579	601	751	
499	902	1565	1761	
500	576	820	1006	1024	
500	558	807	
500	672	674	807	
500	510	1006	1007	
505	556	576	579	625	
507	783	852	1586	
507	576	954	1002	1006	
508	530	576	1002	1006	
509	536	579	681	
509	576	1574	1607	
509	536	579	648	
512	576	1578	1607	
513	576	1579	1607	
515	576	1581	1607	
519	528	576	1002	1008	
521	557	576	579	719	720	
522	565	576	579	
522	525	576	676	807	
522	573	576	1013	1023	
523	525	579	
525	564	576	579	676	
527	573	579	820	
527	576	579	807	818	
528	576	731	1002	1006	
529	531	576	579	721	722	
536	668	673	674	
536	668	672	674	
536	668	671	672	
536	668	670	671	
536	576	1586	1607	
536	579	673	674	
536	579	672	674	
536	579	953	
537	576	1587	1607	
539	576	1589	1607	
540	543	579	724	
540	543	579	820	825	836	
543	576	1592	1607	
543	716	1592	1678	
543	579	902	904	
545	546	576	721	722	807	
549	557	576	721	722	
549	557	853	854	
549	616	902	
550	579	833	834	
550	579	693	884	935	
551	553	576	719	720	
551	1594	
552	576	1595	1607	
553	555	579	807	
554	579	677	678	
557	716	1600	1678	
561	562	579	807	
567	568	571	572	
567	568	576	773	774	895	
570	576	1602	1607	
570	573	579	823	
571	572	576	721	722	
571	572	579	580	
572	651	711	
573	576	579	724	1031	
573	576	702	704	820	
575	576	1606	1607	
575	1606	
576	995	1002	1014	1015	
576	1080	1453	1607	
576	579	807	981	982	
576	579	584	585	807	
576	579	741	742	807	
576	1094	1469	1607	
576	1095	1470	1607	
576	1105	1480	1607	
576	1106	1481	1607	
576	721	722	829	830	
576	1113	1495	1607	
576	1119	1501	1607	
576	579	732	853	854	1607	
576	579	732	853	854	1607	
576	883	1607	1753	
576	719	720	918	930	
576	721	722	918	930	
576	721	722	770	950	
576	590	719	720	919	
576	719	720	746	916	
576	721	722	746	916	
576	592	719	720	934	
576	592	721	722	934	
576	719	720	736	948	
576	1159	1551	1607	
576	1162	1554	1607	
576	1151	1543	1607	
576	1167	1559	1607	
576	1166	1558	1607	
576	721	722	861	867	
576	579	644	711	
576	611	1607	1617	
576	579	596	598	719	720	
576	596	1607	1615	
576	579	612	719	720	1028	
576	577	853	854	1607	
576	577	707	708	1607	
576	620	1607	1620	
576	624	1607	1622	
576	578	579	627	719	720	
576	636	1607	1626	
576	646	711	719	720	
576	644	719	720	852	
576	649	1607	1631	
576	658	1607	1634	
576	655	656	986	1002	
576	663	1607	1638	
576	664	1607	1639	
576	664	1607	1639	
576	681	1607	1648	
576	991	1000	1672	
576	991	1000	1672	1673	
576	707	708	719	720	
576	716	1607	1678	
576	716	1607	1678	
576	579	723	859	1682	
576	729	1607	1684	
576	579	729	730	853	854	1607	
576	719	720	728	730	732	
576	1280	1607	1686	
576	579	820	1030	1031	
576	579	820	1013	1024	
576	579	719	720	724	729	
576	607	721	722	752	
576	579	721	722	732	798	864	
576	719	720	775	850	
576	799	1607	1729	
576	579	807	820	823	
576	824	1607	1735	
576	844	1607	1739	
576	719	720	732	1018	1019	
576	732	733	853	854	
576	707	708	732	733	
576	1310	1607	1748	
576	807	879	882	887	
576	884	1607	1754	
576	893	1607	1756	
576	897	1607	1760	
576	579	719	720	902	908	
576	579	721	722	902	908	
576	902	1607	1761	
576	579	807	937	939	
576	719	720	721	722	1607	
576	941	1607	1769	
576	941	1607	1769	
576	943	1607	1771	
576	721	722	951	952	
576	976	1607	1776	
576	1342	1607	1780	
576	721	722	992	999	
576	579	719	720	1006	1009	
576	1018	1607	1795	
576	1023	1607	1797	
576	1028	1607	1799	
576	1037	1607	1803	
576	1035	1607	1802	
577	1608	
579	603	724	816	
579	807	847	848	
579	612	626	866	
579	637	641	807	
579	580	685	688	
579	685	687	951	952	
579	724	726	727	
579	718	723	724	
579	775	807	851	
579	787	794	807	
579	788	795	807	
579	789	796	807	
579	682	808	809	
579	732	821	822	
579	807	849	850	
579	807	859	866	
579	707	708	880	893	
579	734	924	
579	580	951	952	
579	803	807	941	
579	866	1018	1023	
579	866	1028	1032	
612	626	807	858	
645	852	853	854	
645	707	708	852	
664	734	853	854	
664	707	708	734	
664	902	1639	1761	
682	1649	
686	693	721	722	
694	903	
696	1658	
697	783	852	1659	
707	708	1529	1530	
714	1677	
716	811	1678	1732	
716	833	1678	1737	
716	884	1678	1754	
718	1679	
724	1680	
727	1682	
728	1683	
729	730	1684	1685	
731	1691	
747	748	
753	846	1697	1741	
759	
783	807	992	993	
813	817	902	903	
814	1734	
820	836	1028	1030	
848	1742	
849	1743	
851	1744	
853	854	1586	1587	1607	1609	
855	1746	
858	859	
872	1033	
902	924	1761	1765	
927	932	
989	1001	1002	1003	
996	1001	1011	1013	
1001	1788	
1006	1007	
1028	1799	
1035	1036	
1038	1804	
1039	1370	
1040	
1041	1372	
1042	1373	
1045	
1046	1398	
1047	
1047	1399	
1048	
1048	1400	
1049	
1050	
1050	1423	
1051	1424	
1052	1425	
1053	
1053	1426	
1054	
1054	1427	
1056	
1057	1430	
1058	
1058	1431	
1059	1432	
1060	1433	
1061	
1062	
1065	
1066	
1067	1440	
1070	1443	
1072	
1072	1445	
1073	
1074	
1074	1447	
1075	
1078	1451	
1079	
1080	
1081	
1082	
1082	1454	
1087	
1088	
1088	1460	
1089	
1090	1463	
1092	
1092	1467	
1093	
1093	1468	
1094	1095	1158	
1095	
1096	
1097	
1098	
1098	1473	
1099	1474	
1100	
1100	1475	
1102	
1102	1477	
1103	1478	
1104	1479	
1106	
1108	
1108	1483	
1110	
1110	1485	
1111	
1112	
1112	1487	
1113	
1114	
1114	1496	
1115	
1115	1497	
1116	
1117	
1119	
1119	1120	1158	
1121	1503	
1124	
1124	1507	
1125	1508	
1126	
1126	1509	
1129	
1130	
1132	
1132	1515	
1133	
1133	1516	
1134	
1134	1517	
1135	
1136	
1136	1519	
1137	
1137	1520	
1138	
1138	1521	
1139	
1139	1522	
1141	
1142	
1144	
1144	1527	
1146	
1146	1535	
1148	
1151	
1153	
1155	
1156	
1157	1549	
1158	1163	1164	
1161	
1162	
1163	
1167	
1168	
1168	1560	
1169	
1173	
1174	1566	
1175	1567	
1176	
1176	1568	
1177	
1177	1569	
1179	
1180	
1180	1572	
1182	
1183	
1183	1575	
1185	
1187	
1189	
1190	1582	
1191	
1192	
1193	
1194	
1194	1586	
1195	1587	
1196	
1197	1589	
1198	1590	
1199	
1199	1591	
1200	
1200	1592	
1202	1594	
1204	1596	
1205	1597	
1206	1598	
1207	1599	
1208	
1208	1600	
1209	
1210	
1212	
1212	1604	
1213	
1214	
1215	
1215	1607	
1215	1217	1221	1222	1242	
1216	1608	
1217	1609	
1218	
1219	1611	
1222	
1224	
1228	1618	
1229	
1229	1619	
1230	1620	
1231	
1232	
1233	1623	
1234	
1234	1624	
1235	
1235	1625	
1236	
1236	1626	
1237	
1238	
1239	
1241	
1241	1631	
1244	1634	
1245	
1246	
1246	1637	
1250	
1251	
1251	1642	
1252	
1253	1644	
1256	
1256	1647	
1258	
1260	
1260	1651	
1262	
1262	1653	
1263	
1263	1654	
1264	
1265	
1266	
1266	1657	
1267	
1268	1659	
1270	
1270	1661	
1271	1677	
1272	
1272	1678	
1273	1679	
1274	
1274	1680	
1276	
1277	1683	
1278	1684	
1280	1686	
1281	
1282	1692	
1283	1693	
1285	
1285	1695	
1288	
1289	
1291	
1292	
1292	1730	
1293	1731	
1294	1732	
1296	
1298	1736	
1299	
1300	
1301	1739	
1303	
1303	1741	
1304	
1304	1742	
1305	
1306	1744	
1307	
1308	
1309	
1310	
1310	1748	
1311	
1311	1749	
1312	1750	
1313	
1314	
1314	1752	
1315	1753	
1316	
1316	1754	
1317	
1319	
1319	1757	
1320	1758	
1322	
1323	
1323	1761	
1325	
1326	
1326	1764	
1327	
1327	1765	
1330	
1330	1768	
1332	
1333	
1334	1772	
1335	1773	
1339	
1339	1777	
1340	
1341	1779	
1342	
1343	
1343	1781	
1346	1784	
1347	
1347	1786	
1348	
1348	1789	
1349	
1352	1793	
1353	
1353	1795	
1354	
1356	1798	
1357	
1357	1799	
1358	
1358	1800	
1359	
1359	1801	
1360	1802	
1361	
1362	1804	
1365	1609	1701	1731	
1366	1609	1702	1731	
1367	1609	1703	1731	
1367	1542	1632	1711	
1368	1609	1704	1731	
1374	1519	1569	1607	1609	
1375	1569	1607	1609	1778	
1375	1607	1609	1708	1778	
1376	1569	1607	1609	1779	
1376	1607	1609	1709	1779	
1377	1569	1607	1609	1612	
1377	1607	1609	1612	1710	
1378	1569	1607	1609	1613	
1378	1607	1609	1613	1711	
1379	1569	1607	1609	1694	
1381	1519	1570	1607	1609	
1383	1607	1609	1717	1779	
1385	1607	1609	1613	1719	
1388	1519	1599	1607	1609	
1388	1519	1607	1609	1699	
1389	1599	1607	1609	1613	
1390	1599	1607	1609	1612	
1391	1607	1609	1695	1705	
1392	1599	1607	1609	1694	
1392	1607	1609	1694	1704	
1393	1599	1607	1609	1779	
1393	1607	1609	1701	1779	
1394	1599	1607	1609	1778	
1394	1607	1609	1700	1778	
1395	1424	1607	1609	
1404	1607	1609	1612	1710	
1405	1607	1609	1613	1711	
1407	1607	1609	1695	1713	
1409	1607	1609	1716	1778	
1411	1462	1635	1718	
1414	1607	1609	1695	1721	
1415	1519	1609	1699	
1419	1609	1695	1705	
1420	1609	1694	1704	
1422	1609	1700	1778	
1425	1513	1609	1731	
1426	1602	1609	1731	
1430	1609	1731	1797	
1436	1464	1465	1609	
1442	1443	1609	1731	
1443	1607	1609	1789	1793	
1449	1499	1785	1788	
1452	1463	1609	1731	
1457	1465	1466	1609	
1457	1673	1676	
1457	1609	1669	1676	
1457	1609	1671	1672	
1457	1609	1662	1665	
1459	1672	1674	
1459	1609	1663	1674	
1465	1466	1665	
1466	1666	
1488	1607	1609	1699	1715	
1489	1607	1609	1700	1716	
1490	1607	1609	1701	1717	
1490	1596	1717	
1492	1607	1609	1703	1719	
1493	1607	1609	1704	1720	
1494	1607	1609	1705	1721	
1496	1513	1609	1731	
1499	1607	1689	1690	1787	
1507	1508	1607	1609	1692	
1509	1607	1758	1767	1777	
1514	1515	1609	1731	
1517	1518	1609	1731	
1531	1532	1603	1604	
1535	1609	1731	1772	
1538	1539	1607	1787	1794	
1539	1541	1607	1787	1794	
1544	1569	1599	1607	1609	
1549	1550	1607	1609	1692	
1567	1586	1609	1731	
1571	1599	1607	1609	1623	
1574	1576	1609	1731	
1574	1575	
1585	1605	1607	1609	1731	
1589	1590	1609	1731	
1590	1607	1609	1792	1793	
1596	1598	1609	1731	
1607	1609	1731	1787	1788	
1609	1666	1667	
1609	1671	1675	
1609	1662	1663	
1609	1670	1674	
1609	1731	1800	1801	
1609	1610	1680	1692	1706	1714	
1609	1715	1722	1731	
1609	1716	1723	1731	
1609	1720	1727	1731	
1609	1721	1728	1731	
1609	1731	1740	1754	
1609	1731	1769	1770	
