0	64	68	166	189	213	238	239	254	264	293	297	301	306	313	316	325	348	354	357	358	376	378	382	391	400	411	450	460	467	473	474	540	543	550	558	572	573	576	579	591	596	620	636	649	659	660	666	685	690	693	696	701	703	704	707	719	720	721	722	724	725	779	790	1507	1409	1044	605	20	408	1012	468	1536	964	240	1016	1237	80	1420	385	1801	211	1231	402	833	232	1615	40	780	1053	1011	1467	417	906	1145	1248	533	1170	623	1765	1021	1333	1621	1780	1754	368	
1	1491	
2	609	
3	1567	
5	19	
1039	142	
8	315	
12	239	306	576	901	1212	346	
1044	1274	
1045	557	
1398	1430	76	798	
1396	626	1512	1446	
1395	1424	754	210	
1048	1014	
94	607	
93	699	
71	679	
70	526	
80	328	
37	1757	
38	498	
39	838	
43	1375	
38	267	306	777	1605	384	
41	267	663	818	1155	225	
43	664	799	897	325	1578	
44	48	
50	450	
44	267	306	403	1684	478	
45	267	1137	1273	1729	497	
46	267	640	657	1349	260	
49	267	306	738	658	1292	
61	537	576	719	635	
61	1735	232	38	413	
61	576	1386	1296	262	
73	163	576	579	1442	
1051	377	
1053	1700	
118	676	232	
110	579	439	
122	579	1394	
127	579	1673	
125	579	37	
114	1773	1706	
107	319	608	
121	1555	543	
124	579	1116	
129	423	576	579	719	720	857	
128	576	1428	349	
1430	1609	364	1446	
1425	1513	1609	1633	
1424	256	1394	1172	
1426	1602	1609	812	
118	141	576	721	163	
110	134	87	441	1066	
127	1722	1671	1540	335	
113	136	576	1222	1154	
114	137	1411	658	1188	
121	144	576	721	1579	
124	147	287	26	477	
135	197	395	1285	1360	972	
137	197	1326	1591	797	209	
144	197	320	377	1613	359	
213	1126	1558	1031	
199	239	306	576	1343	721	341	
1423	1527	1609	372	545	885	
1059	455	
199	200	253	220	
1436	367	16	832	
200	1538	876	730	647	1429	1406	
1064	1422	
184	537	576	721	438	
287	264	
197	267	306	584	53	1037	
197	267	306	192	476	1519	
197	267	306	738	739	1752	
197	316	1111	1788	142	422	
207	437	1512	286	993	300	
442	1709	1555	1728	596	
1372	497	
158	1194	1397	1236	
158	159	576	579	858	772	
158	1381	1260	666	
1058	1668	
206	1430	1424	
139	1369	499	1178	
149	213	88	751	
1067	1581	
1068	1503	
211	1747	
1072	1615	
215	221	239	447	
213	36	786	299	1332	
51	78	356	576	1420	
256	1102	122	1719	
576	995	1002	1411	1135	
1073	1010	
225	783	852	247	
1074	903	
226	576	1481	1312	
393	396	467	1761	
467	468	747	765	
239	996	30	914	468	1187	419	
227	523	
228	638	1321	920	
227	579	589	
216	230	1486	1301	
197	1684	493	1146	1098	
197	576	302	1590	1444	
197	576	725	368	344	
197	576	739	740	26	
197	1393	336	37	1313	
231	1483	
208	576	953	442	
208	716	1439	23	
1066	1183	
235	576	579	626	632	
234	1107	158	501	93	
1078	803	
239	267	522	1540	
239	267	488	1424	
235	576	1452	1638	
1079	306	
236	237	239	306	968	
243	267	576	579	165	
234	267	840	1675	
269	576	1465	1389	
1437	1464	1466	474	
217	274	1632	309	
246	579	846	1548	
268	576	1464	221	
14	197	404	398	
21	197	778	39	
20	197	1564	1010	
16	1551	203	155	
15	807	1200	999	
215	216	576	721	1090	208	
244	383	978	527	
179	1162	
251	356	375	664	635	460	
251	576	1384	348	
1083	1741	
239	255	306	576	870	59	313	
239	253	255	306	576	1464	
251	254	181	1598	
254	847	1104	1031	
254	1085	380	973	
1086	1675	
551	553	911	1169	1732	
576	579	719	720	1250	727	
208	211	576	1667	1467	454	
576	579	721	722	813	385	
314	318	576	559	355	1655	
259	1320	
261	356	1738	463	1009	436	
262	1282	
239	258	306	362	1193	62	1489	
1088	1511	
1404	1462	1635	334	
58	282	1363	
199	271	272	681	
536	668	671	215	
536	960	1566	1169	
219	921	
223	224	239	1445	579	
64	326	1333	217	1279	
163	250	489	576	579	719	1382	
234	1660	1267	1651	
346	382	550	905	
550	579	1028	883	
1090	572	
274	76	822	949	
196	197	254	1473	1671	
239	275	409	1529	
239	276	1742	60	1385	
20	556	1145	186	689	
15	556	1451	1619	1558	
18	1742	499	1468	292	
17	556	576	889	1522	
403	406	1512	1726	642	
576	579	738	740	550	
288	1196	
239	292	306	576	821	1444	172	
1094	1414	561	
576	1094	1370	674	
576	1095	1048	601	
290	783	1278	1440	
239	10	464	1297	617	802	334	
288	576	1475	744	
288	576	1467	1241	
246	293	271	1034	
246	739	1616	1682	
1454	1471	1497	942	
293	186	1457	1036	
267	294	301	306	1387	339	567	
239	293	306	576	579	807	75	
1096	1464	
1473	1475	797	1276	
267	297	301	670	589	1682	433	1237	6	
267	1676	223	1200	701	1456	1141	
267	297	298	306	820	1288	
239	918	687	1534	1636	994	906	
239	299	903	831	1139	1450	1475	
1099	695	
252	301	356	1540	
301	327	331	576	1124	
301	1029	549	1515	1553	
301	499	576	614	374	
301	1670	1108	
301	970	1104	1337	
301	576	1003	1382	
301	576	1475	1226	
301	576	850	1281	
299	300	571	1658	995	
293	357	576	900	1274	
239	306	493	941	886	
239	306	576	579	807	1802	
252	576	1456	1535	
1084	333	
309	552	576	579	719	690	
309	552	576	579	721	411	
267	912	455	712	350	
267	543	1631	938	
316	317	576	579	1703	374	
316	212	1605	293	1359	1596	
1101	491	
239	382	101	1459	551	1165	850	
1103	689	
318	576	226	1542	
1102	337	
322	1575	114	558	205	
323	324	573	765	341	
325	576	1479	320	
13	1490	566	988	74	462	
579	580	1028	
325	716	1479	1271	
236	1408	1134	1060	875	
576	1105	830	418	
239	306	328	576	579	231	857	
239	520	929	1510	1452	1422	270	
576	1106	914	734	
238	306	1596	130	97	
239	306	331	1117	1021	1298	
239	306	833	1317	738	1674	1220	
332	1192	970	1436	
341	355	576	346	1761	
576	721	626	986	501	
335	366	1221	1303	
247	264	360	1394	272	
247	264	361	731	463	
1108	88	
239	306	347	576	1207	1476	158	
347	576	1484	922	
309	347	1192	472	987	
349	783	1212	324	
345	350	576	719	720	868	
1111	1398	
239	306	576	1625	346	17	1780	
1488	1607	1609	1699	1697	
1489	1607	1609	1700	1606	
1490	1607	1609	361	1458	
1491	530	465	105	1074	
1493	1607	1609	1704	69	
1494	508	232	1460	1400	
1488	632	111	
1491	1596	1660	
1492	1481	937	
1493	22	264	
354	576	793	753	
355	373	579	1669	
1115	1571	
1116	1182	
239	306	359	576	579	435	188	
239	306	584	80	862	1258	1696	
364	365	306	609	35	1137	
364	365	473	576	1248	81	
576	266	1534	147	
576	1119	1501	400	
264	356	368	1278	77	81	
239	306	357	369	45	106	
371	433	
369	1130	635	1370	
372	375	1150	
239	306	370	576	579	807	205	
370	1126	1323	1062	
213	351	357	576	939	661	
373	576	579	724	257	
1123	289	
239	306	357	1591	1793	1649	
747	1422	
239	1388	419	517	569	286	1126	
1125	1151	
379	576	895	926	1163	
356	380	576	582	1235	
1127	41	
381	579	774	651	1071	
382	579	581	724	886	
239	306	1562	812	135	831	791	
208	231	382	1343	1012	
267	306	382	384	1133	105	
239	306	382	576	1671	232	1716	
1129	253	
576	579	292	757	1187	1227	
576	579	732	853	1117	1629	
373	854	1483	817	
355	385	1501	1042	1017	
1130	634	
239	1433	1006	1354	
239	306	398	712	
1238	982	
1131	502	
1	1540	680	257	1296	
3	239	306	1707	1464	
4	239	306	460	1309	
6	239	1470	48	1050	
253	576	1164	1441	
1132	587	
36	239	306	576	579	460	1197	
1042	1462	
392	940	693	1441	
239	306	356	390	441	1538	1134	
1134	1566	
400	454	576	762	1018	
1135	929	
58	576	1416	1686	
1049	551	
239	1271	1276	271	
410	1167	100	874	
1138	1532	
24	108	1322	
29	1733	1234	
30	1421	1552	
25	26	1383	589	1759	
345	414	513	639	342	
28	576	721	722	1114	
28	302	1074	884	526	
64	666	495	1576	1149	190	
192	1300	1477	
417	454	
421	499	261	744	
34	182	576	579	405	
425	1361	
248	855	
55	198	811	
1141	953	
433	876	1224	275	
433	576	578	637	567	18	
707	708	1525	846	1540	
63	64	1393	833	990	
1142	873	
1533	1223	1121	1005	
579	734	49	
1146	601	
178	576	719	720	617	
453	576	1537	1194	
452	454	576	1605	372	
356	456	501	839	986	
174	457	576	579	686	663	
395	576	658	688	113	
404	576	719	720	616	
333	576	721	311	588	
576	721	722	1095	1574	
576	590	721	601	1593	
576	719	886	657	132	
576	1774	1050	568	189	
319	320	1625	271	136	
576	719	720	736	1709	
576	280	1560	1324	1026	
1538	1004	1782	592	
1539	986	1686	1511	1009	
109	307	54	
119	1702	1725	
123	579	10	
115	393	1666	
116	402	1454	
130	196	397	
126	579	717	
197	639	5	1226	
197	1725	1441	507	
239	306	215	361	913	818	1064	
89	579	670	
27	1377	506	1207	1519	
461	576	1113	1066	608	
1152	92	
239	306	463	576	579	807	644	
1153	1638	
1154	645	
466	494	1371	17	
466	807	1547	1497	
197	403	404	1420	1028	
197	1395	7	1618	1145	
197	576	1685	150	286	
357	394	396	576	1717	
357	576	579	1207	948	
357	1059	740	346	1480	
357	576	579	475	167	
357	1154	1529	385	875	
357	362	287	1073	146	
267	306	357	396	576	182	1045	1685	
267	306	357	1498	432	1552	701	1500	
267	306	357	576	1644	525	54	973	
267	306	357	576	748	166	1699	233	
267	908	596	18	961	1523	569	1684	
267	518	793	1597	425	1166	70	1644	
467	468	576	719	1580	
467	272	1260	46	515	
204	576	1423	1571	347	
1156	1225	
469	572	708	
413	1804	1202	
413	1298	1658	
576	853	854	533	884	440	
576	707	708	812	527	1384	
211	463	487	488	578	858	281	1455	
239	306	473	576	579	807	709	
473	1784	898	934	
473	576	1424	10	
576	64	1297	295	
239	306	475	576	579	767	99	
473	476	781	1255	1759	1094	
473	476	477	576	14	109	
477	1364	498	1187	
576	1162	1554	1484	
1158	1664	292	
239	306	474	576	579	240	1175	
473	478	1371	649	1391	37	
473	478	103	1683	1763	1491	
1158	1738	1286	
460	1517	1007	814	1773	1402	
460	473	480	487	488	1469	
460	473	480	1310	1332	422	
239	1324	1610	769	1647	747	538	
1151	1158	1337	
576	1151	1146	1331	
460	576	244	655	
473	481	297	517	1329	1031	
482	576	1559	259	
239	306	481	576	579	1474	756	
1549	1550	1607	1204	1411	
106	166	474	576	283	1065	
356	489	576	331	
484	485	1477	1017	1188	
576	721	722	451	1625	
576	730	526	1242	613	
487	488	476	1612	1364	
487	488	685	46	538	
187	576	579	1376	
489	576	852	1055	
239	306	290	1484	736	
496	507	894	407	
239	306	495	205	862	
495	576	1256	293	
497	1625	1248	984	
466	937	48	953	
1169	606	
0	239	306	1069	1049	1595	
499	576	230	248	
499	576	1565	991	
1174	568	
576	1174	1566	1436	
213	129	668	713	1293	
1567	1586	665	1617	
447	704	145	1573	26	
1175	248	
180	911	
1596	1487	1545	1647	
14	197	1162	456	
15	197	1272	1750	
18	197	556	1124	
1176	1336	
413	1010	900	1483	116	
63	1154	1515	325	
239	306	503	576	522	1218	723	
1177	1204	
239	306	504	576	1207	255	594	
1178	1089	
1179	1668	
1180	921	
19	775	230	818	
545	546	576	721	722	383	
195	507	576	721	1410	
507	536	579	1486	
1181	275	
1184	674	
185	972	1551	
513	1234	1273	939	1382	
513	165	1522	261	
1186	813	
1574	1079	
514	783	936	1207	
1188	1541	
500	576	1017	243	1513	
509	576	55	1211	
1182	1687	
1191	1712	
239	306	483	489	403	731	1435	
1192	1762	
521	557	631	1402	9	1552	
527	573	106	1191	
466	517	540	1308	
239	1601	1762	907	839	841	72	
239	306	1665	964	
213	220	1036	1217	
853	793	514	1633	1152	401	
1195	1570	
185	969	1343	
1196	40	
508	530	576	1123	1451	
1198	69	
539	1017	1001	306	
1197	1441	
507	783	792	874	
1194	912	
1194	844	
310	1568	
240	306	92	703	752	
239	306	540	778	1584	1363	497	
1199	835	
239	306	543	1132	
158	543	1431	750	
239	306	382	128	1262	1372	1081	
158	337	1419	700	
540	543	1685	1300	
542	1109	
251	540	668	326	893	567	
239	306	543	576	1059	1331	1708	
543	1017	332	770	
543	716	1592	1087	
1200	1114	
69	356	83	1415	
551	388	
239	306	552	576	579	807	924	
239	306	556	576	579	920	917	
1207	1378	
1205	648	
412	553	576	39	1319	
89	812	183	1145	1789	
356	1063	1735	1771	796	1582	162	
1208	539	
549	557	1682	1052	
549	557	1225	1591	
553	1287	
239	306	1258	811	1573	
572	576	579	644	1373	
576	579	277	1340	
267	460	331	1257	1611	798	
550	488	1305	1463	
550	576	743	1481	
550	716	1593	606	
1201	1118	
523	525	1530	
239	1253	684	665	634	
561	1647	1639	45	
267	306	540	543	564	576	832	1188	1122	
1209	811	
194	863	535	1015	1446	
347	502	1062	989	236	
1572	1599	1607	1609	10	
504	882	1801	378	1340	
1570	1596	1599	1380	861	
567	568	758	84	
239	918	1240	601	1596	
570	576	897	1259	
1210	1716	
572	574	579	1771	
239	306	572	574	576	807	899	
1211	254	
571	572	576	721	741	
571	572	579	446	
239	306	825	954	1612	15	550	
239	306	547	550	572	1087	683	
248	1157	398	1591	175	
34	489	573	576	819	535	
527	576	533	1761	719	
573	1194	1625	1081	318	
1213	826	
564	747	757	1622	
575	1196	371	1449	
515	785	
1589	1590	1609	430	
1218	1523	
579	857	
576	1665	1196	1606	
1219	1321	
577	857	
123	146	739	1467	811	
115	138	576	719	1060	
130	1388	301	494	1794	
120	143	576	719	674	
126	1127	310	1775	1225	
151	168	1721	280	
111	576	885	26	
356	576	166	394	
247	1161	7	1129	805	
576	583	685	1798	
1222	1108	
239	306	576	606	1261	
239	242	576	602	645	
239	242	359	532	966	
239	306	507	536	423	
239	306	67	745	1421	
576	611	398	1019	
239	306	576	683	702	1672	1204	
576	579	596	598	719	523	
579	597	598	105	
239	888	1065	201	209	1667	764	
1225	1449	
576	605	1607	1179	
1226	1244	
167	211	1113	
192	193	603	0	354	
423	576	600	587	
129	576	571	816	
69	712	
554	576	235	752	810	
302	576	605	1241	1128	
357	126	1351	601	
576	579	612	719	89	498	
1227	3	
576	1343	1097	268	947	
576	577	2	1709	1547	
612	1597	
67	576	628	629	630	1724	
467	468	473	576	628	629	1527	644	
467	468	473	576	628	1421	486	858	
68	576	743	206	
54	131	356	1801	452	
576	579	623	262	1528	498	
1231	458	
576	472	216	710	
576	429	33	84	
1232	1766	
625	716	1623	1125	
1234	885	
433	90	
576	578	1681	456	581	1295	
100	132	213	640	1083	1173	
1235	893	
239	306	576	579	638	890	122	
29	256	576	1510	750	
579	637	641	1578	
287	579	1230	1060	793	
103	356	1123	1043	
576	636	1607	1543	
1236	535	
645	1547	115	912	
576	645	1028	1188	
1239	603	
509	536	579	874	
1574	1586	821	581	
1062	810	
201	576	1438	37	
576	772	1287	855	1062	
9	576	647	185	1091	
576	648	1607	149	
576	644	719	720	928	
644	760	265	1094	
171	251	1304	1699	
267	306	649	650	617	412	
239	1263	234	1716	726	207	289	
576	649	1330	622	
572	651	871	
1117	1215	1275	850	1597	
267	657	1311	
306	657	490	699	
68	166	264	1616	1068	155	1285	794	1671	863	1604	
576	658	439	1411	
1244	605	
576	655	656	986	217	
1394	1599	1607	1590	297	
1390	1599	1607	1609	672	
1389	1599	1647	751	1661	
1392	261	991	1563	1744	
1374	1519	1569	1607	642	
1376	1569	1607	67	2	
1377	1569	1607	1777	92	
1378	1569	496	875	1803	
1379	1569	1607	1309	1627	
1380	1262	19	837	659	
1381	52	709	1339	1485	
1383	1185	210	209	850	
1386	1570	1439	768	1476	
93	556	576	933	238	
71	366	688	467	1563	
70	556	576	307	1773	
37	1744	665	275	
40	1643	859	882	
42	282	593	1734	
44	277	504	651	
46	279	504	1568	
47	280	504	1049	
48	281	504	440	
38	1353	571	688	1121	
39	503	1062	343	1637	
40	904	24	1635	538	
42	503	576	579	1232	
43	503	576	1181	739	
52	985	1043	898	671	
239	306	576	579	660	1391	1635	
576	660	199	493	
1245	802	
466	576	1601	513	1224	
247	264	1438	1288	
356	663	1343	594	1797	
1247	634	
213	222	357	94	
1250	682	
239	76	1315	1407	1283	766	177	
1252	1202	
1253	1317	
576	664	1607	1513	
576	664	170	485	
466	1409	
1255	81	
497	576	679	719	795	
678	783	852	1365	
1256	613	
554	579	647	1601	
1254	1504	
74	75	1737	
75	1247	511	1323	1346	1458	
1457	775	509	
1457	1609	1667	681	
1457	1609	1669	1654	
1457	1609	1630	419	
1457	1223	654	1329	
1609	1642	71	
1609	1664	1373	
1609	1668	1549	
664	707	708	1079	
576	681	1607	206	
1257	1204	
1258	384	
76	164	376	576	1442	
264	306	579	1413	1718	1469	
1259	1484	
579	580	685	578	
189	921	295	1059	1598	
1262	564	
1261	1769	
579	685	662	1687	1525	
1260	195	
576	690	1607	457	
1263	887	
690	369	
239	306	576	579	690	259	1613	
74	487	2	
1264	1220	
576	234	436	1190	
1265	1128	
1459	1609	1670	546	
1457	1609	1726	1617	
536	579	672	1464	
1465	1413	
500	672	537	566	
576	695	572	590	
576	115	68	865	
579	928	495	1737	
697	783	852	1032	
58	579	654	
576	696	1607	1334	
267	648	1294	1756	637	100	1459	
353	355	576	370	1082	
239	306	576	579	701	409	310	
376	576	702	974	1100	
267	378	1774	898	1486	97	1277	
62	454	1338	748	603	
580	664	1275	698	
576	991	1000	1015	
576	991	1000	1256	833	
306	576	698	699	1464	
128	576	709	721	1611	
1270	1065	
188	190	234	1063	
0	759	432	653	
686	693	1509	1167	
189	576	693	719	525	
579	680	137	
1271	992	
714	691	
208	1576	1656	148	
1273	103	
576	707	708	92	1152	
576	719	1355	483	83	712	
63	64	576	719	720	407	
576	719	970	758	854	
63	658	465	1531	492	
243	576	579	719	1112	
719	460	1671	426	
576	716	1607	1638	
576	716	1293	927	
239	1657	1581	225	
239	306	407	415	
1274	1431	
576	579	714	719	1041	1507	
576	725	1607	1659	
576	579	723	727	1232	
579	718	1632	1351	
306	436	576	493	1004	
191	431	576	85	197	
576	579	729	730	853	1602	1432	
576	579	1215	1801	931	868	749	
1279	1135	
1277	46	
579	807	1030	1637	
1609	1731	1338	680	
579	377	441	1335	
428	429	579	1624	
1536	1688	1123	527	
579	807	1295	314	
355	385	1284	89	
1496	1513	548	910	
386	389	579	1421	
1514	1515	1609	403	
1452	710	1210	1288	
408	410	579	740	
564	300	713	751	
1601	1602	1196	1063	
576	579	619	635	1096	
427	430	1055	888	1464	
576	579	1410	314	1281	
1585	1605	788	607	1742	
336	405	883	1698	836	
408	411	1032	83	61	
576	579	820	938	270	
355	376	576	579	259	
389	391	1779	207	1241	
267	1751	1121	1054	457	
449	450	576	521	10	
570	573	579	1611	
576	579	719	720	517	1080	
707	708	1607	1609	1680	1094	
1607	1687	1688	1691	431	
1607	1682	1738	1533	541	
289	519	576	1723	575	
78	357	30	1803	
331	1292	1191	1693	33	
1285	340	
356	357	576	665	837	955	
251	1474	930	709	
81	85	247	264	1314	
82	84	247	264	891	
83	493	631	
83	84	239	306	576	579	1606	678	1142	
356	1202	307	1373	
82	1324	648	
82	85	239	1504	1021	334	685	1186	23	
167	1337	129	
86	151	1218	1671	
81	198	612	
461	579	1061	
576	607	751	1306	985	
197	51	706	828	1200	597	
356	1336	1381	1184	
239	306	576	579	753	853	1270	
1288	819	
356	490	576	1618	
24	153	213	173	
19	543	228	1011	852	841	
239	306	576	579	594	1355	1603	
576	769	19	304	
576	579	721	466	1007	1056	239	
252	267	1154	724	1364	1269	1402	
2	1039	1410	192	
1364	1609	1700	434	
7	579	767	513	
1369	1609	1705	735	
996	1001	1487	1695	
267	326	576	1452	
576	719	1181	208	920	
356	1182	1177	1612	473	934	421	1149	962	
239	306	576	579	776	539	1627	
239	364	21	195	1273	717	548	
239	306	576	579	114	1600	1308	
239	306	576	579	781	807	1768	
1609	1610	1680	1692	664	1178	
1290	252	
1369	1542	1632	1304	
239	306	576	1266	854	
213	357	489	444	
239	306	1611	1184	940	1267	411	
239	306	576	579	1232	467	204	
239	306	576	579	119	951	582	
239	1585	1015	84	1353	196	809	
516	1229	
154	155	1385	1050	605	
466	138	
194	333	881	1533	
90	1714	1337	160	
239	306	81	372	262	4	694	
239	306	94	538	1030	80	241	
239	306	576	579	793	202	1757	
239	306	1257	949	472	177	1080	
239	306	576	579	795	807	1019	
579	784	791	977	
1609	1715	438	816	
1609	819	1183	1502	
1609	1719	1726	443	
1609	1720	1467	1762	
579	1675	540	207	
339	355	556	376	107	
338	1522	1298	1177	1270	
340	355	556	843	28	
239	306	576	579	124	457	685	
251	6	355	826	
267	306	799	1009	755	207	
1291	1261	
1609	1623	1656	1574	
1415	1212	91	1107	
1422	1609	1700	705	
1420	1609	1694	389	
1419	1609	1695	130	
1401	1519	1607	884	1730	
1402	1758	892	525	263	
1403	1800	1343	1276	1062	
1404	1607	1609	1612	1700	
1407	90	704	64	832	
1412	1607	1129	1749	1740	
1393	1607	1609	580	641	
1389	1607	1609	746	503	
1392	1607	1609	1694	48	
1391	1607	1609	1681	777	
1374	1519	1607	949	280	
1375	1607	1609	1708	117	
1379	1607	1609	1694	1439	
1381	1519	788	808	810	
1383	913	795	470	768	
1384	241	968	1422	1505	
1385	1607	888	1212	379	
676	1765	
177	181	579	1329	
579	682	357	604	
73	163	239	1645	
1294	711	
576	1162	1051	565	
576	697	1558	95	1752	
239	306	813	455	
1296	845	
180	576	388	86	
239	1417	964	818	912	
858	1419	
65	1044	
96	356	46	1388	1339	
499	261	379	791	
267	306	576	579	1085	309	1346	
1608	1609	1731	79	
239	1710	277	1013	718	220	1297	
239	250	306	491	296	281	
54	1200	
576	579	820	827	897	
239	306	483	491	540	543	576	579	73	
831	402	
239	306	576	1397	747	187	421	
1300	103	
267	306	820	833	835	96	
716	833	1519	201	
1299	1371	
267	306	1549	388	1246	
576	1491	221	133	
356	67	498	1687	
356	576	779	604	
356	576	1483	407	
356	576	757	643	
155	1682	785	1756	
1609	1731	810	1429	
337	355	1151	370	1171	
343	102	842	518	1569	
339	1042	176	583	1547	
338	355	576	892	381	
213	233	1650	859	
753	507	262	1656	
239	306	576	579	1403	113	1352	
234	235	1532	626	
65	429	612	1660	
807	858	554	982	
579	580	724	732	642	1649	
239	306	1597	1173	962	
1304	728	
239	306	576	1738	1545	
851	774	
579	807	1747	1126	
1305	446	
239	306	576	526	1641	
576	719	720	732	1018	1501	
576	852	1607	690	
1307	300	
1308	1654	
413	519	16	316	637	
239	306	148	402	
579	807	859	1641	
1609	1731	1747	1560	
1309	1245	
239	306	487	576	312	
177	432	1491	
239	597	6	722	289	
576	1310	1607	251	
442	1589	582	1060	1745	
425	854	697	
239	306	576	579	807	866	470	
576	870	600	698	
239	388	579	951	1071	
336	398	579	1251	1432	
451	567	1171	1618	1772	
306	391	484	485	576	622	
191	299	505	639	
239	306	467	468	473	576	579	807	910	911	913	1090	
68	270	317	132	
467	468	340	684	792	
166	1670	1764	314	
563	1282	
466	576	719	1386	440	
783	852	876	753	
1313	1676	
254	382	1245	1086	
569	572	721	722	861	
267	1343	744	558	1506	615	
267	306	1221	1458	71	1616	
716	657	93	630	
576	1746	1738	429	195	1043	
473	576	1225	219	
382	383	576	902	1723	
1321	674	
202	213	357	1506	906	
576	1209	124	1689	
1322	1214	
188	265	78	1289	39	
1607	700	1690	649	
576	579	719	720	654	1338	
576	579	721	722	902	1321	
267	306	357	665	226	76	
92	579	1795	
576	902	1607	622	
576	403	1597	1136	
576	554	545	1764	
1323	1595	
499	853	485	791	
499	654	712	365	
664	1371	173	1286	
239	306	357	807	837	817	
902	923	1761	1209	
783	852	323	361	
576	579	1045	266	1161	1579	
239	1076	123	192	904	802	203	
457	74	163	1597	
579	560	1129	
902	924	1761	1156	
576	923	1607	270	
239	306	576	579	807	1712	1239	
1328	1451	
1329	1590	
213	193	786	551	510	
445	524	
446	1200	93	208	184	
438	1059	987	321	
413	501	495	
187	576	1133	1468	
1334	797	
211	765	661	
211	550	724	
53	576	719	720	1492	
78	724	764	
239	306	471	1684	1052	233	1336	
576	943	1607	102	
1333	168	
457	466	501	1290	
707	708	1607	45	69	1366	
63	64	602	1713	735	255	
1336	1802	
1335	262	
65	807	943	415	
239	306	576	936	764	
239	306	937	54	
95	234	1084	1596	
576	1423	650	305	1177	
579	687	664	916	
1586	1609	1190	
1337	143	
579	624	72	1244	1592	
131	501	1710	711	1322	
1340	1602	
1341	1116	
1342	386	
576	1342	1697	718	
239	306	576	579	807	126	1754	
1343	425	
165	264	387	416	576	523	493	137	1387	
1432	1765	1309	714	1438	597	
1609	1731	572	583	
1346	446	
267	306	820	974	984	388	
122	338	345	1661	1036	
36	239	306	576	807	1279	865	
993	1093	
122	154	1740	538	
783	903	1779	983	
218	576	820	993	1754	
576	991	993	996	545	
239	459	1641	1094	351	1011	1535	
576	721	722	1565	277	
493	627	692	245	
1001	1271	
1348	1419	
1006	1797	
1007	96	
576	1018	1335	643	646	812	
1351	104	
1349	428	
1590	1607	1609	800	205	
239	255	306	576	807	1010	785	
208	579	1115	1590	
0	517	991	1012	419	
990	786	
199	239	1341	84	1068	664	1250	
239	306	1002	1773	
1352	1641	
489	579	1123	1766	
989	1662	500	889	
820	836	1013	1316	
260	356	579	580	1255	239	
1355	32	
576	579	656	986	586	
132	251	1415	610	
1356	1641	
132	254	1157	1768	
576	525	1208	683	884	918	
576	1028	127	452	
1358	791	
579	866	1028	1456	
576	182	1203	203	
239	306	576	1033	311	
239	306	329	165	802	
576	1037	502	597	
1361	778	
239	306	576	1136	92	819	1265	
576	544	248	149	
1360	1006	
239	306	576	1536	1294	1692	721	
