0	68	81	166	239	254	264	293	297	301	306	313	316	325	354	357	358	376	378	382	391	400	411	450	467	473	474	540	543	550	573	576	579	596	620	636	649	660	685	690	693	696	701	719	721	724	725	779	780	799	800	807	820	833	850	867	884	888	896	935	939	941	976	984	1000	1024	1025	1038	1237	1675	1710	1711	
0	486	576	689	935	
0	239	306	489	807	935	
0	576	935	1003	1004	
1	1363	
2	1364	
3	1365	
3	239	306	576	763	
5	1367	
6	579	766	807	
7	1369	
7	579	767	807	
8	1370	
8	214	576	719	720	
8	576	646	719	720	
9	1371	
9	576	647	719	720	
10	501	576	719	720	807	
12	239	306	576	579	807	1372	
12	671	
13	188	265	576	717	
13	356	576	660	
14	197	404	761	
14	406	556	576	807	
15	556	576	587	807	
17	197	746	767	
18	197	739	766	
19	546	576	579	
19	543	576	579	719	720	
19	576	721	722	833	
19	467	468	576	833	
20	197	763	930	
20	556	576	807	982	
21	197	713	762	
21	556	576	807	980	
21	197	556	713	
23	25	576	719	720	
25	27	579	884	
26	267	460	576	885	
27	474	480	576	579	
28	576	721	722	933	
32	249	499	
32	179	239	301	306	576	807	
33	184	576	719	720	
33	184	576	721	722	
34	182	576	579	724	
35	579	891	902	
36	356	576	660	
36	239	306	576	579	807	1400	
36	198	199	579	
36	239	306	576	807	998	1010	
37	1401	
37	267	306	403	776	820	
38	267	306	777	820	979	
38	278	503	785	
39	1403	
39	267	306	778	820	981	
40	1404	
40	267	306	584	779	820	
40	280	503	787	
41	1405	
41	267	306	586	780	820	
41	503	576	579	586	
42	1406	
42	267	306	738	781	820	
42	282	503	789	
42	503	576	579	738	
43	1407	
43	267	306	741	782	820	
43	503	576	579	741	
44	1408	
44	267	306	403	784	820	
44	277	504	784	
45	267	306	785	820	979	
45	504	576	579	979	
46	267	306	786	820	981	
46	504	576	579	981	
47	1411	
47	267	306	584	787	820	
47	280	504	787	
47	504	576	579	584	
48	1412	
48	267	306	586	788	820	
49	267	306	738	789	820	
49	282	504	789	
49	504	576	579	738	
50	267	306	741	790	820	
50	283	504	790	
51	78	356	576	852	
52	576	721	722	883	
53	207	356	576	
53	576	719	720	941	
54	826	
55	457	579	783	807	
55	104	807	
56	1415	
57	58	239	306	576	
58	263	579	
58	576	1416	1607	
59	60	239	306	576	
61	576	618	721	722	
62	132	579	693	935	
63	64	434	435	579	
63	64	1525	1526	1609	
63	64	499	902	
63	64	413	556	
63	64	576	719	720	
63	64	576	721	722	
64	247	264	576	707	
65	66	
66	211	501	
67	68	264	316	387	441	576	685	
68	576	630	631	
68	166	264	387	473	576	659	685	719	720	744	
68	576	909	910	
69	185	852	
69	554	576	719	720	
70	1417	
71	1418	
71	556	576	579	584	
73	172	576	820	937	
74	75	579	
74	579	692	
76	456	576	721	722	
76	164	376	576	820	
77	484	485	576	578	579	
77	88	355	
78	724	941	
79	556	576	579	741	
80	556	576	579	738	
81	85	247	264	576	
81	86	732	
81	86	239	306	576	579	719	720	807	
82	85	732	
83	247	264	576	854	
88	164	239	306	576	
89	579	783	
89	154	
90	557	579	807	
91	251	356	576	615	
92	579	901	
93	556	576	579	981	
95	234	306	437	
96	251	543	984	
97	564	576	579	
98	579	719	720	812	
99	101	576	719	720	
103	296	576	579	
104	105	579	
105	576	721	722	889	
106	166	474	576	579	580	
106	166	474	576	579	714	728	
106	166	473	
108	576	719	720	757	
110	579	917	
110	134	576	721	722	
111	414	576	579	719	720	732	
112	579	918	
113	579	919	
115	138	576	719	720	
116	402	579	
116	139	576	719	720	
117	579	929	
118	579	931	
118	141	576	721	722	
119	579	610	
120	579	589	
121	579	934	
122	197	576	986	988	
122	197	987	993	
124	147	576	721	722	
125	579	949	
125	148	576	721	722	
126	149	576	719	720	
128	576	1428	1607	
128	576	709	721	722	
129	423	576	579	719	720	732	
131	501	624	
132	254	852	1025	
133	251	543	620	
135	197	333	356	576	665	
136	197	356	576	665	930	
138	213	357	737	
139	213	357	396	
140	197	356	395	576	665	
141	197	356	576	665	736	
142	213	315	357	
143	213	357	928	
144	197	320	356	576	665	
145	197	356	404	576	665	
149	213	357	810	
154	239	306	554	576	
155	251	543	845	
156	783	807	890	
158	251	543	908	
158	159	576	579	719	720	
158	543	1431	1592	
160	193	424	820	
161	348	540	543	
163	250	489	576	579	719	720	
165	
166	576	909	912	
167	211	852	
167	579	751	
168	348	852	
169	579	806	807	
171	251	543	649	
172	267	306	356	416	456	576	579	628	629	721	722	820	
173	239	301	306	
175	239	306	576	811	
177	392	432	579	807	
178	576	719	720	1018	
179	183	
183	239	250	306	576	582	807	
184	576	1433	1607	
186	
187	576	579	686	
187	576	579	686	
188	265	576	846	897	
191	579	807	863	
192	193	267	306	576	
194	239	306	537	576	
194	195	576	579	
196	197	254	356	808	
197	267	306	584	770	820	
197	267	306	738	739	820	
197	267	306	394	395	820	
197	267	306	736	743	820	
197	209	213	357	
197	404	406	576	807	
197	576	713	807	980	
197	576	807	930	982	
197	576	587	590	807	
197	404	638	639	
197	639	652	713	
197	403	404	576	579	
197	576	579	713	979	
197	576	579	584	770	
197	576	736	744	
197	357	665	666	
198	201	
199	239	306	576	579	807	1436	
199	268	269	579	
199	271	272	579	
200	239	306	576	579	807	1437	
200	268	270	579	
200	271	273	579	
200	239	306	576	807	999	1012	
201	576	1438	1607	
203	469	579	580	732	976	
204	489	572	576	579	
205	
206	208	210	213	
208	576	1439	1607	
208	716	1439	1678	
208	219	517	579	
208	211	576	579	719	720	
208	211	576	579	721	722	
208	213	315	318	
208	351	734	
208	216	546	579	
208	356	579	852	853	854	
208	579	987	988	
209	356	576	665	
211	462	724	
211	304	550	
212	213	274	357	
213	357	757	903	
213	239	306	576	582	666	807	
213	221	357	543	576	
213	218	357	516	576	
213	232	356	357	576	665	
213	357	549	576	579	664	
213	222	357	668	
213	357	489	852	
213	233	357	807	
214	576	711	721	722	
215	221	239	306	
215	216	576	721	722	807	
216	230	251	543	
217	219	239	306	576	
217	269	272	579	
217	268	271	579	
219	783	852	1444	
219	225	579	644	
225	239	271	306	576	579	
226	576	1448	1607	
227	228	
227	351	579	
231	1450	
234	267	820	836	
234	247	579	865	
234	267	579	859	
235	576	579	626	724	
235	239	267	306	576	
235	576	1452	1607	
235	576	1452	1607	
235	267	579	807	
238	239	306	576	579	807	1453	
238	306	329	576	823	
239	306	357	807	813	817	
239	267	306	
239	286	306	576	774	
239	253	255	306	576	807	
239	254	306	576	579	807	1458	
239	276	306	576	579	
239	288	306	576	579	807	1467	
239	297	306	576	579	807	1473	
239	301	306	576	579	807	1475	
239	306	321	576	579	807	1478	
239	306	329	576	579	807	1481	
239	306	331	356	576	724	
239	306	331	540	543	576	579	582	807	
239	306	347	576	579	807	1484	
239	306	576	579	807	1118	1500	
239	306	576	579	807	1117	1499	
239	306	364	576	579	807	1501	
239	306	357	369	372	807	
239	306	370	576	579	807	1504	
239	306	369	576	579	807	1503	
239	306	374	576	579	807	1506	
239	306	381	576	579	807	1511	
239	306	382	576	579	807	1512	
239	306	382	576	579	807	1512	
239	306	336	355	
239	306	356	390	441	576	807	
239	306	407	408	
239	306	357	437	576	
239	306	455	456	576	
239	306	576	579	807	1150	1542	
239	306	470	471	576	
239	306	473	576	579	807	1549	
239	306	475	576	579	807	1552	
239	306	476	576	579	807	1553	
239	306	474	576	579	807	1550	
239	306	481	576	579	807	1558	
239	306	495	496	576	
239	306	502	576	579	807	1568	
239	306	504	576	579	807	1570	
239	306	509	576	579	807	1574	
239	306	533	543	576	807	846	
239	306	522	564	
239	240	558	576	
239	306	540	543	576	724	807	
239	306	543	545	
239	306	552	576	579	807	1595	
239	306	555	576	579	807	1598	
239	306	556	576	579	807	1599	
239	306	572	576	579	807	1604	
239	306	547	550	572	576	807	
239	306	576	595	802	
239	306	576	606	804	
239	242	576	602	652	
239	242	359	532	576	
239	306	576	675	677	
239	306	576	623	626	
239	306	576	579	638	807	1627	
239	306	576	579	807	1237	1627	
239	306	576	579	636	807	1626	
239	306	576	579	649	807	1631	
239	306	576	579	652	807	1632	
239	306	576	579	671	807	1641	
239	306	576	579	672	807	1642	
239	306	576	579	684	807	1650	
239	306	576	579	690	807	1654	
239	306	576	719	721	
239	306	579	718	726	807	820	836	
239	306	336	376	
239	306	407	411	
239	306	576	579	753	807	1697	
239	306	576	579	762	807	1700	
239	306	576	579	763	807	1701	
239	306	576	579	777	807	1708	
239	306	576	579	778	807	1709	
239	306	576	579	780	807	1711	
239	306	576	579	781	807	1712	
239	306	576	579	782	807	1713	
239	306	466	472	576	
239	306	576	920	921	
239	306	576	873	874	
239	306	576	579	784	807	1715	
239	306	576	579	785	807	1716	
239	306	576	579	786	807	1717	
239	306	576	579	787	807	1718	
239	306	576	579	789	807	1720	
239	306	576	579	790	807	1721	
239	306	576	579	791	807	1722	
239	306	576	579	792	807	1723	
239	306	576	579	793	807	1724	
239	306	576	579	794	807	1725	
239	306	576	579	795	807	1726	
239	306	576	579	796	807	1727	
239	306	576	579	807	1731	
239	306	518	550	576	807	825	
239	306	483	491	540	543	576	579	807	
239	306	576	579	807	833	1737	
239	306	576	847	848	
239	306	576	857	858	
239	306	576	859	866	
239	306	576	579	807	866	1749	
239	306	467	468	473	576	579	807	909	910	913	914	
239	306	576	889	890	
239	306	576	579	807	897	1760	
239	306	357	807	902	903	
239	306	576	579	807	915	1763	
239	306	576	579	807	896	1759	
239	306	576	579	807	936	1768	
239	306	576	936	937	
239	255	306	576	807	1010	1011	
239	306	1002	1013	
239	306	576	579	807	1025	1798	
239	306	576	579	807	1035	1802	
239	306	576	579	807	1038	1804	
241	242	
243	576	579	719	723	
244	576	1081	1215	
246	293	1454	1471	
247	264	362	576	788	
247	264	363	576	790	
248	489	573	576	579	
249	459	540	543	576	832	
251	576	1455	1607	
251	254	543	852	
251	543	576	579	721	722	724	
251	356	616	721	722	
251	543	891	892	
251	543	905	907	
252	576	1456	1607	
252	267	306	576	772	811	820	
253	255	579	
253	254	
253	847	850	852	
253	272	273	579	
253	467	468	579	724	852	
254	847	850	852	
254	257	267	306	820	955	
256	356	576	852	
259	262	
260	261	576	579	
260	576	1461	1607	
260	356	579	580	732	1020	
263	576	719	720	922	
264	265	356	576	
266	
267	294	301	306	352	576	820	
267	293	295	306	820	956	
267	297	298	306	820	957	
267	579	773	807	
267	306	382	384	820	959	
267	306	357	576	588	820	1607	1613	
267	306	357	576	820	898	1607	1694	
267	306	357	576	613	820	1607	1617	
267	306	522	576	818	
267	306	540	541	820	960	
267	306	550	559	820	962	
267	306	527	573	576	
267	306	596	599	820	963	
267	306	620	621	820	964	
267	306	649	650	820	965	
267	657	659	
267	306	660	661	820	966	
267	628	629	698	700	719	720	
267	378	576	579	701	702	706	
267	326	576	579	
267	306	799	801	820	968	
267	306	576	579	783	807	852	
267	306	579	807	881	882	
267	306	820	884	886	971	
267	306	820	884	887	970	
267	306	820	941	942	972	
267	306	820	974	984	985	
267	306	820	975	1025	1026	
267	378	576	579	706	983	1027	
269	576	1465	1607	
270	576	1466	1607	
274	348	540	543	576	852	
287	579	641	783	807	
288	862	
291	292	473	487	488	576	
291	292	473	576	861	867	
291	576	1469	1607	
293	753	1471	1697	
293	576	1471	1607	
293	357	576	900	903	
296	783	852	1472	
297	301	579	724	
301	327	331	576	807	
301	576	614	853	854	
301	576	1475	1607	
301	902	1475	1761	
306	326	820	
306	576	579	635	724	
306	820	828	836	
306	467	487	576	820	
307	315	467	468	
309	552	576	579	721	722	
310	558	
310	500	807	
310	558	
316	317	576	579	719	720	
318	576	1477	1607	
322	323	573	576	820	
325	576	1479	1607	
325	716	1479	1678	
330	356	576	724	
330	576	579	812	1019	
332	576	1482	1607	
333	576	719	720	917	
333	576	721	722	917	
337	355	576	579	761	
337	355	556	576	791	
338	376	576	765	820	
338	355	576	841	884	
339	376	576	764	820	
339	355	576	840	884	
340	376	576	767	820	
340	355	556	576	797	
340	355	576	843	884	
341	355	576	579	766	
341	376	576	766	820	
341	355	556	576	796	
341	355	576	842	884	
342	355	576	579	763	
342	355	576	839	884	
343	376	576	762	820	
344	576	719	720	732	824	
345	350	576	719	720	732	
346	382	550	579	
347	576	1484	1607	
347	502	556	576	579	
348	819	
348	615	
353	376	637	820	
353	355	576	638	642	
353	355	576	643	804	
355	373	579	859	
355	385	522	573	576	
356	1497	
356	380	576	582	724	
356	456	501	576	852	
356	489	576	577	
356	550	693	719	720	724	935	
356	664	719	720	852	
356	576	755	1013	
356	456	576	579	719	720	775	806	807	
356	576	777	838	
356	576	779	840	
356	576	780	841	
356	576	781	842	
356	576	782	843	
356	719	720	1005	1009	
356	549	576	579	724	1021	
356	368	576	1017	
357	394	396	576	579	
357	576	579	928	979	
357	576	579	584	810	
357	576	579	586	588	
357	576	579	737	743	
357	807	815	817	
364	365	473	487	488	576	
367	378	576	699	700	705	
369	372	374	375	
369	576	1503	1607	
372	375	579	
373	576	579	724	1018	
373	576	1505	1607	
374	576	1506	1607	
376	400	484	485	576	579	
379	576	895	926	978	
380	576	1510	1607	
382	579	581	724	852	
382	383	576	902	906	
385	576	579	724	1023	
385	576	1513	1607	
386	576	1514	1607	
389	391	576	579	820	
392	489	576	871	
395	576	721	722	931	
399	401	579	807	
400	454	576	579	724	
401	453	576	579	724	
401	576	1518	1607	
402	405	467	468	
403	406	576	579	807	
404	576	719	720	929	
407	522	567	568	579	
408	411	576	579	820	
409	571	572	576	579	893	
409	569	572	576	721	722	
410	411	579	823	
412	413	783	852	
412	466	501	
412	553	576	719	720	
413	472	501	
413	457	873	
413	556	576	721	722	
413	556	853	854	
413	711	807	
413	579	614	807	856	
413	501	921	
413	501	
415	449	452	693	
421	754	853	854	
423	576	600	732	
425	680	
425	583	865	
428	429	579	807	
433	566	627	820	
434	435	579	707	708	
438	439	951	952	
438	439	1533	1534	
442	443	576	1015	1016	
445	446	
447	450	500	576	820	
449	579	807	944	
449	450	576	579	820	
454	484	485	576	579	1024	
457	466	501	874	
458	560	576	721	722	
459	579	622	
460	473	480	487	488	576	
460	473	480	576	861	867	
460	576	1543	1607	
461	579	607	
462	576	1544	1607	
462	503	556	576	579	
466	494	579	807	
466	807	1547	1731	
466	472	579	807	
466	517	579	724	
466	517	540	543	
466	576	697	719	720	
467	468	576	719	720	
467	468	576	721	722	
467	468	473	476	477	576	
467	468	473	474	576	
467	468	473	478	479	576	
467	468	576	632	633	
469	1548	
471	498	
473	1549	
473	476	477	576	861	867	
473	478	479	487	488	576	
473	481	482	576	861	867	
473	576	878	888	
477	576	1554	1607	
487	488	576	719	720	
487	488	576	721	722	
489	1560	
489	579	989	990	
493	566	627	820	
493	579	591	800	820	
493	627	820	1000	
495	844	
495	576	1562	1607	
497	576	1563	1607	
497	539	
498	576	1564	1607	
499	576	1565	1607	
499	821	822	902	
499	853	854	902	
500	671	672	807	
500	670	671	807	
500	507	
501	859	874	1033	
504	553	556	576	579	
506	556	576	579	884	
507	536	579	807	
507	807	1573	1731	
507	536	579	954	
508	535	576	1002	1006	
511	576	1577	1607	
513	576	719	720	922	
514	783	852	1580	
514	576	719	720	920	
515	922	
516	517	
517	807	1583	1731	
517	783	852	1582	
522	525	576	579	675	
522	573	576	579	807	
522	579	818	820	
523	526	
524	526	576	721	722	
530	532	576	1002	1006	
531	533	579	580	724	732	
534	576	719	720	908	
535	576	617	1002	1006	
536	579	668	673	
536	579	671	672	
536	579	670	671	
538	576	1588	1607	
542	543	
544	548	576	721	722	961	
549	557	576	719	720	
549	557	707	708	
550	576	1593	1607	
550	576	1593	1607	
550	716	1593	1678	
553	556	579	807	
553	1596	
554	576	1597	1607	
554	576	608	719	720	
554	576	608	721	722	
556	807	1599	1731	
557	576	1600	1607	
563	874	
564	576	623	721	722	724	
564	575	820	836	
564	570	579	807	
564	573	576	579	820	
569	572	721	722	881	
570	575	807	858	
572	576	579	644	651	
572	574	579	897	
575	576	579	724	1028	
576	579	719	720	768	769	
576	579	721	722	813	814	
576	579	807	979	980	
576	579	586	587	807	
576	579	738	740	807	
576	1120	1502	1607	
576	579	707	708	732	1607	
576	644	1607	1628	
576	1145	1528	1607	
576	713	719	720	947	
576	713	721	722	947	
576	719	720	770	950	
576	590	721	722	919	
576	719	720	739	949	
576	721	722	739	949	
576	721	722	736	948	
576	853	854	1497	1560	1607	
576	707	708	1497	1560	1607	
576	1160	1552	1607	
576	1161	1553	1607	
576	1164	1556	1607	
576	1163	1555	1607	
576	1165	1557	1607	
576	719	720	861	867	
576	1174	1566	1607	
576	581	732	896	
576	583	685	695	
576	593	1607	1614	
576	579	600	751	902	
576	605	1607	1616	
576	618	1607	1619	
576	579	623	719	720	1030	
576	624	1607	1622	
576	626	1607	1624	
576	626	1607	1624	
576	636	1607	1626	
576	645	1607	1629	
576	647	711	721	722	
576	579	645	647	719	720	
576	648	1607	1630	
576	648	1607	1630	
576	660	1607	1636	
576	660	1607	1636	
576	662	1607	1637	
576	664	1607	1639	
576	664	719	720	734	
576	681	1607	1648	
576	690	1607	1654	
576	1264	1607	1655	
576	695	1607	1657	
576	696	1607	1658	
576	696	1607	1658	
576	719	720	853	854	1607	
576	707	708	719	720	1607	
576	719	720	853	854	
576	721	722	853	854	
576	707	708	721	722	
576	716	1607	1678	
576	579	714	719	720	728	
576	725	1607	1681	
576	579	723	727	859	
576	579	707	708	729	730	1607	
576	721	722	728	730	732	
576	579	619	635	807	
576	579	807	1029	1031	
576	579	623	635	820	
576	594	721	722	749	
576	754	1607	1698	
576	769	1607	1706	
576	773	774	895	951	952	
576	807	1607	1731	
576	579	807	820	
576	579	820	827	828	
576	833	1607	1737	
576	846	1607	1741	
576	852	1607	1745	
576	870	1607	1750	
576	880	1607	1752	
576	579	719	720	904	905	
576	889	1607	1755	
576	896	1607	1759	
576	580	732	733	
576	902	1607	1761	
576	902	1607	1761	
576	579	581	721	722	895	
576	923	1607	1764	
576	944	1607	1772	
576	944	1607	1772	
576	579	707	708	945	946	
576	984	1607	1783	
576	579	719	720	994	995	
576	991	993	996	1002	
576	579	807	1000	1001	
576	1018	1607	1795	
576	719	720	760	1021	
576	1023	1607	1797	
576	579	656	986	1013	
576	1025	1607	1798	
576	579	719	720	1020	1028	
576	1032	1607	1801	
576	1038	1607	1804	
579	580	732	
579	734	923	
579	1609	
579	597	598	807	
579	580	685	687	
579	685	688	951	952	
579	625	691	807	
579	675	677	807	
579	680	712	
579	719	721	807	
579	807	1030	1032	
579	623	626	807	
579	807	1013	1023	
579	784	791	807	
579	785	792	807	
579	786	793	807	
579	790	797	807	
579	827	831	
579	807	845	884	
579	580	724	732	847	850	
579	807	953	954	
579	624	724	852	976	
579	624	884	976	
579	603	1017	
580	664	732	734	
580	732	775	850	
581	1611	
588	589	
612	623	820	836	
612	1618	
625	716	1623	1678	
644	852	853	854	
662	1037	
669	783	852	1640	
676	677	
677	807	1646	1731	
677	783	852	1645	
678	783	852	1647	
690	1654	
692	852	902	
707	708	1525	1526	1609	
707	708	1609	1684	1685	
707	708	1607	1609	1680	1684	
707	708	1607	1609	1773	1774	
712	
716	813	1678	1733	
716	941	1678	1769	
719	720	721	722	
724	852	883	
724	852	884	
725	1681	
732	1692	
754	755	820	836	
783	852	876	1751	
783	852	899	1762	
783	852	954	1775	
807	858	1028	1032	
807	858	1018	1023	
820	836	1013	1018	
831	832	
853	854	1529	1530	
853	854	1609	1684	1685	
853	854	1607	1609	1680	1684	
859	871	
868	870	
871	1033	
872	1034	
894	1757	
902	923	1761	1764	
990	1785	
993	1001	1013	1014	
993	994	
1007	1008	
1016	1794	
1022	1796	
1039	
1040	1371	
1041	
1042	
1043	
1043	1395	
1044	
1044	1396	
1045	1397	
1046	
1049	1416	
1051	
1052	
1055	
1055	1428	
1056	1429	
1057	
1059	
1060	
1061	1434	
1062	1435	
1063	
1063	1436	
1064	
1064	1437	
1065	1438	
1066	1439	
1067	
1068	
1068	1441	
1069	
1069	1442	
1070	
1071	
1071	1444	
1073	1446	
1075	1448	
1076	
1077	
1077	1450	
1078	
1079	1452	
1083	
1083	1455	
1084	
1084	1456	
1085	
1085	1457	
1086	
1086	1458	
1087	1459	
1089	1461	
1090	
1091	
1091	1464	
1094	
1096	1471	
1097	1472	
1099	
1101	
1101	1476	
1103	
1104	
1105	
1107	
1107	1482	
1109	
1109	1484	
1111	1486	
1113	1495	
1116	1498	
1117	1215	1217	1220	1222	
1118	
1120	
1121	
1122	
1122	1504	
1123	
1123	1505	
1125	
1127	
1127	1510	
1128	
1128	1511	
1129	1512	
1130	1513	
1131	
1131	1514	
1135	1518	
1140	
1140	1523	
1141	1524	
1142	1525	
1143	
1143	1526	
1145	
1145	1528	
1147	
1147	1536	
1148	1537	
1149	
1150	
1151	1158	1165	
1152	
1152	1544	
1153	1545	
1154	
1154	1546	
1155	1547	
1156	1548	
1157	
1158	
1158	1161	1162	
1158	1550	
1158	1166	1167	
1159	
1160	
1164	
1165	
1166	
1169	1561	
1170	
1170	1562	
1171	
1171	1563	
1172	
1172	1564	
1173	1565	
1174	
1175	
1178	
1178	1570	
1179	1571	
1181	
1181	1573	
1182	1574	
1184	
1184	1576	
1185	1577	
1186	
1186	1578	
1187	1579	
1188	
1188	1580	
1189	1581	
1190	
1191	1583	
1192	1584	
1193	1585	
1194	1586	
1195	
1196	1588	
1197	
1198	
1201	
1201	1593	
1202	
1203	
1203	1595	
1204	
1205	
1206	
1207	
1209	1601	
1210	1602	
1211	
1211	1603	
1213	1605	
1214	1606	
1216	
1217	
1218	1610	
1219	
1220	
1221	
1222	1612	
1223	
1223	1613	
1224	1614	
1225	
1225	1615	
1226	
1226	1616	
1227	
1227	1617	
1228	
1230	
1231	1621	
1232	1622	
1233	
1238	1628	
1239	1629	
1240	
1240	1630	
1242	
1243	
1244	
1245	1636	
1247	
1247	1638	
1248	
1248	1639	
1249	
1249	1640	
1250	1641	
1252	1643	
1253	
1254	
1254	1645	
1255	
1255	1646	
1257	
1257	1648	
1258	1649	
1259	
1259	1650	
1261	
1261	1652	
1264	1655	
1265	1656	
1267	1658	
1268	
1269	
1269	1660	
1271	
1273	
1275	
1275	1681	
1276	1682	
1277	
1278	
1279	
1279	1685	
1280	
1282	
1283	
1284	
1284	1694	
1286	
1286	1696	
1287	
1287	1697	
1288	1698	
1289	1706	
1290	
1290	1714	
1291	1729	
1293	
1294	
1295	
1295	1733	
1296	1734	
1297	
1297	1735	
1298	
1299	1737	
1300	1738	
1301	
1302	
1302	1740	
1305	1743	
1306	
1307	1745	
1308	1746	
1309	1747	
1312	
1313	1751	
1315	
1317	1755	
1318	
1318	1756	
1320	
1321	
1321	1759	
1322	1760	
1324	
1324	1762	
1325	1763	
1328	
1328	1766	
1329	
1329	1767	
1331	
1331	1769	
1332	1770	
1333	1771	
1334	
1335	
1336	
1336	1774	
1337	
1337	1775	
1338	
1338	1776	
1340	1778	
1341	
1342	1780	
1344	
1344	1782	
1345	
1345	1783	
1346	
1349	1790	
1350	
1350	1791	
1351	
1351	1792	
1352	
1354	1796	
1355	
1355	1797	
1356	
1360	
1361	1803	
1362	
1363	1609	1699	1731	
1364	1609	1700	1731	
1369	1609	1705	1731	
1369	1542	1632	1713	
1372	1641	
1374	1519	1607	1609	1707	
1379	1607	1609	1694	1712	
1380	1569	1607	1609	1695	
1380	1607	1609	1695	1713	
1381	1519	1607	1609	1715	
1382	1570	1607	1609	1778	
1382	1607	1609	1716	1778	
1383	1570	1607	1609	1779	
1384	1570	1607	1609	1612	
1384	1607	1609	1612	1718	
1385	1570	1607	1609	1613	
1386	1570	1607	1609	1694	
1386	1607	1609	1694	1720	
1387	1570	1607	1609	1695	
1387	1607	1609	1695	1721	
1389	1607	1609	1613	1703	
1390	1607	1609	1612	1702	
1391	1599	1607	1609	1695	
1396	1425	1607	1609	
1397	1426	1607	1609	
1398	1430	1607	1609	
1401	1519	1607	1609	1707	
1402	1607	1609	1708	1778	
1403	1607	1609	1709	1779	
1404	1462	1635	1710	
1406	1607	1609	1694	1712	
1408	1519	1607	1609	1715	
1410	1607	1609	1717	1779	
1411	1607	1609	1612	1718	
1412	1607	1609	1613	1719	
1413	1607	1609	1694	1720	
1417	1609	1613	1703	
1418	1609	1612	1702	
1421	1609	1701	1779	
1423	1527	1609	1610	1680	1692	
1424	1452	1609	1731	
1432	1609	1610	1680	1692	1782	
1436	1437	1457	1609	
1437	1464	1466	1609	
1444	1445	1609	1731	
1445	1607	1609	1786	1793	
1454	1471	1497	1607	
1457	1672	1675	
1457	1609	1667	1675	
1457	1609	1666	1671	
1457	1609	1665	1670	
1457	1609	1665	1666	
1459	1609	1664	1675	
1459	1609	1670	1672	
1465	1662	
1466	1667	1668	
1473	1475	1609	1680	
1483	1592	1604	1609	
1484	1568	1599	1607	1609	
1488	1596	1715	
1489	1596	1716	
1491	1607	1609	1702	1718	
1491	1596	1718	
1492	1596	1719	
1493	1596	1720	
1494	1596	1721	
1499	1500	1787	1788	
1499	1540	1541	1607	1787	
1520	1521	1609	1731	
1523	1524	1609	1731	
1533	1534	1603	1604	
1536	1537	1609	1731	
1538	1607	1787	1794	
1567	1607	1609	1790	1793	
1570	1596	1599	1607	1609	
1572	1599	1607	1609	1754	
1574	1586	1609	1630	
1576	1607	1609	1791	1793	
1586	1609	1775	
1591	1592	1609	1680	
1601	1602	1609	1731	
1607	1687	1691	1787	
1607	1687	1688	1691	1787	
1607	1688	1690	1691	1787	
1607	1610	1692	1693	
1608	1609	1731	1736	
1609	1664	1665	
1609	1668	1669	
1609	1621	1624	1731	
1609	1731	1793	1797	
1609	1717	1724	1731	
1609	1718	1725	1731	
1609	1719	1726	1731	
1609	1623	1656	1731	
1609	1731	1747	1749	
1609	1731	1783	1784	
