0	68	81	166	239	254	264	293	297	301	306	313	316	325	354	357	358	376	378	382	391	400	411	450	467	473	474	540	543	550	573	576	579	596	620	636	649	660	685	1367	1666	430	782	257	457	669	1512	432	1026	404	194	1167	448	1732	828	728	1284	388	1653	1270	1377	147	1553	1263	1069	234	1749	1093	536	1025	739	1433	
4	142	
6	316	
7	1506	
1040	1523	
9	134	
1041	192	
1043	469	
1046	531	
22	576	693	1613	
1047	1402	
1397	1316	1001	1486	
56	1313	
79	795	
40	1222	
41	111	
42	1647	
37	267	306	403	776	767	
39	1310	1715	957	1778	867	
40	267	306	187	287	1369	
42	267	306	495	814	842	
45	2	
46	676	
47	221	
48	12	
49	561	
47	267	306	1536	641	1770	
48	267	306	586	788	722	
50	999	1740	313	1517	443	
61	537	448	901	1463	
1050	904	
98	1073	913	468	1194	
1052	482	
117	1506	635	
112	579	1158	
113	579	499	
111	414	576	1571	77	1708	17	
1055	794	
102	103	239	1364	491	
117	140	1558	49	1645	
122	145	576	1690	1629	
112	83	1519	735	202	
125	148	576	721	1219	
107	232	331	359	218	
141	570	215	721	1696	444	
140	1547	498	379	1379	845	
134	197	334	356	576	754	
145	197	1643	1625	1036	1657	
150	1394	496	624	1512	983	
136	197	1102	1361	59	1585	
148	197	356	576	665	384	
147	197	356	576	1137	1077	
1063	246	
1057	1707	
169	579	291	609	
184	576	1408	949	
1060	292	
186	234	387	661	
1061	1747	
190	576	756	428	
197	234	382	498	1433	1526	
197	267	306	820	1338	416	
197	267	306	1574	985	650	
197	267	306	394	874	573	
197	267	306	736	950	488	
12	1789	
290	507	579	1177	
206	208	861	1695	
142	213	315	603	
146	213	343	437	
138	1500	46	157	
152	213	1444	1558	
143	213	357	1166	
210	1142	824	791	
211	1267	677	840	1291	1722	
212	213	274	52	
237	245	233	1218	894	
213	239	306	576	48	1705	1094	
239	513	1149	218	256	1104	
1442	1443	886	101	
1070	733	
1069	954	
1444	1445	1609	339	
217	219	1603	547	424	
993	1682	495	1006	
219	783	852	362	
1071	574	
208	1076	1409	709	
219	225	998	382	
224	783	1096	314	
1075	357	
223	226	1125	
307	264	463	1397	
467	468	610	737	
467	468	735	873	
402	405	852	0	
467	468	927	345	
467	267	1592	1065	
197	209	749	434	
208	230	843	1634	
227	351	1066	
197	576	1741	124	1684	
197	576	587	590	656	
197	284	357	397	1583	
208	213	1690	237	1694	298	
1077	499	
160	161	400	445	
161	348	540	1728	
234	576	1451	1048	
239	1179	1444	
264	265	356	435	
306	326	1581	
235	239	267	306	105	
234	518	617	32	
235	576	1452	998	
238	245	564	1498	565	
238	239	306	576	579	1289	1010	
576	1732	819	1589	
239	286	306	576	1540	
267	1727	1699	
32	249	126	
301	397	1224	1694	1468	1615	218	
208	219	1790	160	
199	268	269	163	
1436	1707	1265	1262	
217	269	272	162	
200	1154	1431	1464	
253	1707	655	1716	
1457	1465	1636	1677	
217	898	935	1495	
270	576	1466	1787	
241	1393	
1082	1604	
18	197	1483	74	
17	197	627	519	
234	63	631	10	
0	249	514	1625	
183	239	250	306	576	1630	89	
253	255	1457	
1087	467	
198	1588	
253	802	
253	847	1462	1554	
254	257	441	1755	151	578	
239	254	306	1694	1323	825	1203	
254	453	1220	830	
254	716	1458	809	
211	464	576	599	1434	
208	211	240	955	1761	1694	
239	258	259	306	1676	
260	261	1441	1785	
260	576	1461	932	
1089	1470	
1411	1462	1616	1412	
214	576	711	721	1611	
8	214	576	719	1565	
200	271	273	1717	
253	272	1335	1465	
536	668	826	1046	
536	827	1731	1389	
196	578	1377	1731	
1091	1581	
225	239	271	1292	1690	1331	
274	348	540	543	1669	115	
53	252	899	1650	
275	306	576	1380	
13	188	265	43	1520	
14	406	556	576	601	
21	556	13	1464	806	
16	556	576	1006	1750	
576	579	1583	1002	1084	
576	579	807	1067	857	
576	1480	1360	1184	1714	
576	579	1510	1410	998	
576	0	949	674	158	
207	256	57	367	726	
181	1501	1492	1742	1611	
291	292	125	273	622	1067	
291	292	473	1526	36	1459	
291	292	1506	231	223	208	
291	576	813	649	
1093	1247	
1092	423	
293	1517	1306	
267	293	596	1319	970	1448	
293	74	1312	599	
173	302	576	721	722	575	
103	296	576	169	
296	783	852	1635	
1097	1027	
297	1339	120	1315	
297	576	1473	1340	
1098	1570	
173	239	46	467	
301	1167	1626	1253	1506	
301	576	897	1044	1374	
251	301	543	323	
267	301	303	1411	656	608	
239	301	306	576	579	1170	861	
1100	1497	
53	1410	1790	985	225	
306	1773	216	724	885	
306	820	828	1550	
311	312	1205	447	749	
312	1371	142	338	986	
316	576	1476	1379	
67	68	264	316	387	441	576	225	
208	213	532	1411	
267	1732	551	1417	405	
1104	1615	
330	356	94	905	
239	306	331	540	543	576	579	1122	1071	
239	306	335	1412	1263	1057	142	338	
1107	297	
332	1533	
337	355	576	1037	571	
343	376	890	877	1450	
342	1063	1137	257	1734	
339	355	678	1379	617	
338	665	197	1773	94	
340	225	995	729	1525	
88	164	1346	816	655	
247	264	362	576	469	
247	813	1219	1712	1617	
239	306	346	576	579	807	1611	
1109	1633	
348	153	
156	348	1001	
168	348	1700	
1110	464	
208	351	1417	
351	576	1486	1325	
351	902	1547	1778	
1492	851	1758	158	1538	
1489	1341	1690	
1490	415	245	
1494	640	77	
1112	942	
1114	1772	
1113	1467	
576	1113	481	586	
356	1665	
239	306	358	576	838	81	1318	
358	138	101	606	
358	1122	
1499	743	1789	1419	
239	306	1516	730	592	721	21	
364	365	1116	1664	1670	616	
365	1016	1640	1049	
239	306	364	576	579	1485	1545	
1119	144	548	
211	248	802	512	1172	82	
367	573	1039	1341	
356	220	84	1078	129	1188	
308	369	372	1741	
239	306	357	370	371	1552	
1122	1302	
239	306	369	576	579	388	58	
369	576	846	957	
369	1000	26	331	
369	238	14	1764	
1121	1700	
373	576	182	1185	
239	306	374	576	776	1155	317	
374	576	968	286	
927	1410	
588	1006	
239	306	376	540	543	47	1526	998	912	
1507	1508	1607	1609	1082	
239	188	1051	377	7	394	281	
378	352	
377	576	156	1247	
1124	488	
1509	1607	1758	1767	375	
1126	1075	
380	576	1722	991	
1128	932	
157	254	576	676	
383	1464	169	27	697	
239	306	382	576	579	807	1382	
382	1057	
576	579	707	708	732	268	
385	432	498	1619	151	
385	1633	880	372	
385	576	1513	978	
576	644	1607	1674	
253	467	468	579	724	244	
386	429	576	579	777	
239	306	1466	887	
386	576	1514	28	
2	1358	873	1126	1269	
5	239	306	576	443	
7	543	98	351	1669	
1085	206	
22	579	386	1034	
36	356	930	1446	
35	1154	
337	376	576	1602	462	
343	376	384	1170	322	
342	376	576	763	213	
339	376	576	764	723	
338	1071	1194	700	1783	
341	376	576	766	1739	
340	376	576	1789	1575	
391	430	576	579	1237	
217	219	1130	1276	
1133	840	
401	1129	125	244	1749	
401	576	1679	484	
1136	693	
59	60	239	306	832	
57	58	239	306	860	
55	457	315	292	738	
60	341	1597	
1137	609	
412	413	783	681	
1139	1754	
412	1659	
23	25	1046	1381	344	
25	27	579	37	
414	669	1432	1212	
415	576	721	722	853	
239	306	415	424	543	971	1387	
417	576	721	949	1691	
11	1628	596	121	
11	589	593	345	637	
421	766	574	1089	
421	707	708	82	
327	421	481	898	
344	587	1660	1664	1655	
160	1138	1658	1607	
426	576	1785	1190	1195	
426	576	115	367	584	
104	1053	929	
1140	1013	
429	1495	1537	801	
33	61	576	721	1210	
33	184	1239	465	1720	
33	801	416	1341	600	
83	247	264	576	1540	
434	435	579	707	596	
63	64	232	1399	1781	
1143	1757	
435	353	
420	422	1797	1551	
248	214	393	601	856	
31	102	576	719	1723	
1144	118	
1145	1686	
576	1176	462	381	
239	306	311	851	293	
62	576	876	197	1434	
66	211	1701	
853	854	950	658	
707	651	1472	377	
1531	1532	1603	1308	
438	439	951	1155	
52	576	1211	512	509	
576	860	1683	28	
1315	1566	
239	572	1162	288	
1147	909	
239	1596	737	1260	1404	
65	1344	231	223	
1148	1355	
76	456	576	721	913	
239	931	1494	298	783	
395	576	721	722	161	
404	576	721	722	11	
333	576	719	720	1319	
576	713	719	1025	783	
576	713	721	1236	635	
576	719	502	933	269	
576	719	720	770	1668	
576	721	722	298	520	
576	590	719	202	1283	
576	719	1159	1232	77	
576	1212	509	1726	1745	
319	320	576	721	1290	
576	592	719	177	1712	
576	592	729	1083	449	
239	306	576	1081	1706	895	53	
1499	1540	1541	1607	1054	
1538	1539	1607	994	1761	
1016	787	
120	579	218	
57	501	20	
57	1230	643	
197	404	638	855	
197	1189	1180	643	
458	560	576	721	242	
26	267	460	1669	1266	
27	460	1117	890	
211	549	671	
462	900	1558	368	
464	619	
412	843	1641	
1155	1218	
197	394	395	1432	1516	
197	576	579	713	118	
197	576	369	677	385	
197	576	579	1566	1227	
357	403	405	1346	302	
357	576	579	584	1620	
357	576	579	586	45	
357	576	579	1627	814	
267	306	357	405	576	820	1519	1219	
267	306	171	1801	1736	864	145	1006	
267	306	357	576	588	577	1744	617	
267	306	357	576	1300	812	339	385	
469	1295	
413	457	1088	
466	472	958	1138	
471	1317	
239	924	223	1046	1129	
473	576	800	498	
487	1502	571	204	1634	1391	1160	1744	
469	487	488	576	579	710	777	655	
314	321	487	488	576	632	471	954	
487	488	549	576	579	732	618	580	
1157	1160	
473	538	
239	306	840	1499	264	1776	647	1128	
27	313	131	
576	1160	1552	929	
467	468	473	476	699	1260	
239	306	476	576	579	1338	130	
576	633	815	1371	
467	468	1010	320	1300	
1158	610	
467	468	1451	1629	1705	1283	
576	305	23	1045	
479	576	1440	1299	
239	306	478	576	579	807	54	
576	71	210	1713	
576	1165	1706	39	
467	468	473	481	368	1534	
473	481	482	487	488	1172	
576	1167	502	1333	
1158	523	1007	
576	1166	1558	218	
106	166	760	1378	191	259	1330	
106	166	1139	
494	507	48	5	
0	486	576	689	1249	
306	467	487	576	1650	
489	490	621	351	
1168	476	
489	1281	
499	461	852	67	
63	64	499	951	
495	1523	
1170	546	
1171	1226	
465	824	1115	298	
0	1579	813	184	1487	
1172	655	
498	576	1608	934	
499	1587	1091	
1173	1478	
553	975	951	117	
21	789	503	120	
20	1000	13	917	
16	197	1486	406	
17	772	1134	592	
239	306	502	1575	574	1236	326	
413	556	853	1245	
413	162	579	1232	
239	306	505	576	579	1102	1052	
239	306	506	576	404	1437	619	
553	43	166	1113	
466	517	156	576	
507	1219	1223	581	
1574	1576	1609	148	
1183	657	
59	1730	496	
1187	2	
512	576	83	787	
511	576	1577	761	
1185	733	
239	306	1358	700	682	
509	536	579	639	
508	535	576	1002	1422	
515	576	1581	1383	
1189	1156	
239	306	509	576	1514	1235	552	
517	807	41	84	
517	783	1234	451	
1190	171	
10	501	576	719	720	1416	
0	483	518	284	1627	
523	1008	
267	306	522	413	1571	
522	1157	1503	442	1330	
525	564	1354	539	1791	
1193	881	
529	1318	510	1281	732	1526	
158	529	571	954	
531	533	122	1657	862	1212	
534	576	1247	962	429	
550	579	693	884	167	
310	535	
537	1612	525	1335	
500	558	479	
310	500	259	
69	1270	1316	
538	576	1588	1557	
239	240	558	802	
535	576	1010	50	56	
530	532	976	1588	1384	
239	306	536	576	579	807	243	
536	576	1586	1578	
267	1457	83	165	642	619	
239	306	1445	592	730	200	322	
514	576	719	720	516	
251	543	576	579	721	722	1298	
1591	1592	1609	1382	
540	543	579	510	1389	1125	
544	548	576	1033	634	1413	
267	306	145	1040	1659	605	
1202	1619	
53	810	1308	1271	
552	576	69	773	
1203	26	
239	306	1676	435	1710	875	266	
1206	801	
556	871	18	880	
554	576	1611	1158	
154	588	170	26	165	
549	431	325	1508	1327	
549	557	359	825	47	
557	118	67	1338	
557	708	822	92	
63	64	549	1020	
1204	647	
241	1223	70	85	1465	
564	576	623	721	354	1719	
194	214	1567	86	536	
524	526	488	1283	288	
522	565	1566	1149	
1484	1568	1599	1507	409	
462	503	1460	574	1167	
1544	1569	1062	262	1468	
506	556	576	579	1746	
505	556	576	197	644	
1571	1599	83	1303	331	
493	737	878	1338	
1483	1592	1604	1560	
239	306	572	576	579	1712	1639	
1212	581	
267	306	527	854	170	
97	573	561	
575	681	329	1361	1271	
1214	1720	
575	1626	
497	444	
1217	1701	
581	755	
1216	830	
109	206	764	1373	1699	
119	609	1341	1754	1031	
116	139	576	719	599	
108	1183	1382	36	98	
1054	843	
1223	1088	
493	579	1305	1371	530	
239	264	1621	1713	695	
239	242	576	595	1197	
239	242	576	1209	1456	
170	52	1565	299	23	
239	306	466	958	611	
576	1161	465	286	
1224	59	
267	306	596	599	104	1536	
576	366	1035	89	
576	579	21	1589	537	
499	810	814	168	255	
579	603	1549	731	
162	163	1116	1755	1134	
1056	1615	
554	576	1510	317	602	
239	306	576	66	1202	
251	543	455	987	
208	213	997	696	
612	623	807	459	
63	64	576	800	1170	
579	1781	1282	1331	
1228	1080	
1215	1043	
467	468	576	788	257	
166	1340	522	823	
251	356	616	721	1271	
348	478	
348	232	
23	1526	1307	935	
549	455	1371	
254	382	628	887	
184	576	234	746	394	
184	576	618	912	622	
576	618	1607	1217	
1229	1602	
249	459	540	543	576	125	
459	579	1384	
133	251	981	1059	
267	306	290	77	411	873	
239	306	576	208	89	492	896	
576	620	1607	1654	
1230	340	
492	579	32	
579	1141	213	746	
239	306	576	623	71	
1233	866	
576	626	983	1686	
576	626	1607	1397	
99	101	576	719	224	
72	99	336	
72	100	988	
239	306	576	579	433	1575	430	
239	306	576	579	807	1237	563	
30	51	576	721	805	
197	209	232	356	576	1801	
213	232	356	357	576	17	
353	376	1078	947	
239	304	1134	393	1391	469	969	
576	636	1607	391	
645	707	708	1589	
1449	1499	474	480	
36	384	1484	325	
198	1485	1386	1120	
1065	723	
576	647	711	721	868	
201	254	543	1803	
576	579	645	886	58	591	
8	576	129	236	643	
576	580	1222	208	
1240	904	
1241	264	
239	306	576	579	653	807	1316	
1215	999	566	1709	1301	
239	989	1113	1791	737	1024	1137	
239	306	576	339	1279	13	447	
197	772	1446	1691	
1388	1131	407	1697	1612	
1393	1556	87	78	1350	
1391	1599	1607	859	246	
1375	1569	1607	1763	276	
1382	1570	983	1479	1299	
1384	1570	1333	885	751	
1385	1570	1607	1609	96	
1387	1570	1607	1537	940	
56	1304	535	1718	265	
94	738	1511	1671	1211	
80	1296	543	1107	155	
79	1092	1282	1526	834	
38	278	503	1138	
39	279	1090	57	
41	1641	541	727	
43	283	275	1715	
45	866	703	1467	
49	164	1080	1495	
50	283	504	28	
37	403	1569	1537	217	
41	503	576	579	827	
44	403	504	576	420	
45	504	576	1722	182	
46	504	576	579	404	
47	504	576	12	864	
48	504	993	800	821	
49	1216	1517	1491	1401	
50	504	576	579	1046	
13	356	576	996	
267	770	1632	1785	971	1496	
576	660	669	547	
662	1372	
576	662	1607	1536	
1246	502	
209	356	863	630	
576	663	1367	804	
213	357	549	576	579	256	
239	306	576	1359	823	324	1579	
1251	896	
239	306	576	579	1796	539	431	
239	306	576	579	674	807	760	
239	1579	596	1216	135	470	966	
669	783	218	1116	
1249	189	
576	664	31	1369	
1248	223	
522	525	576	1167	262	
677	1301	638	256	
677	303	1116	791	
692	852	1574	
197	357	665	581	
379	771	1604	468	1642	
1459	1672	1001	
1457	29	230	
1457	1609	1665	1574	
1609	1741	771	
576	198	1582	430	1192	
664	919	701	837	
356	664	583	797	893	
356	664	1585	480	1197	
77	484	344	619	1634	1036	
77	88	681	
576	1025	888	264	
682	30	
239	306	576	115	1102	1668	1232	
579	580	685	1215	
239	306	576	1049	1135	194	1690	
239	81	382	954	1043	1424	976	
579	685	1249	699	158	
267	306	685	689	820	1583	
239	306	576	579	685	807	780	
413	1202	328	
579	625	239	411	
1459	1609	1268	1741	
1457	1609	472	844	
1459	1609	1663	1678	
1609	1662	473	
1609	1670	1782	
536	579	81	1438	
536	579	1465	215	
536	579	1341	142	
536	579	865	45	
1466	946	
1465	1466	1756	
1466	559	1106	
500	671	1248	546	
500	670	1371	312	
356	576	446	1582	
1266	1204	
694	493	
696	221	
1268	4	
1267	454	
353	355	576	638	499	
353	355	576	1471	705	
1269	1532	
573	576	926	546	1409	
306	576	1313	168	1093	
367	1445	1323	1026	1506	1565	
239	306	576	579	1617	838	1432	
203	469	579	1689	1698	1535	
718	276	
267	1009	584	1205	1722	
576	707	708	719	720	113	
239	306	1073	165	1461	
576	721	722	1289	230	
576	707	708	651	713	
63	64	576	721	1256	
579	719	651	970	
267	306	1368	1557	1240	1283	1094	
239	306	1693	869	159	69	975	386	
576	716	551	242	
1272	1567	
239	306	388	531	
239	306	910	1028	
239	1125	1245	338	
239	306	451	655	
239	306	754	229	
239	306	388	1410	
724	854	
239	306	576	1066	477	123	1468	
1275	192	
725	1132	
239	306	576	579	625	948	936	
306	654	228	987	389	
579	1723	1403	914	
727	232	
576	579	723	859	1202	
1276	912	
356	576	726	1658	853	703	
576	1789	807	933	
1278	1648	
853	854	1609	1684	606	
707	529	718	996	1294	
729	730	1684	580	
576	1564	7	1401	682	1529	
576	721	722	728	281	1196	
1280	45	
576	1280	864	1010	
728	1660	
452	607	746	804	
1609	1709	1248	1676	
1523	1385	1563	1632	
1609	1731	1793	1157	
399	308	277	1392	
1517	1518	1609	626	
449	38	1300	253	
1535	1701	758	515	
235	743	1767	117	
1520	605	446	862	
239	306	1503	563	939	
522	573	990	366	170	
428	430	576	579	961	
564	573	576	579	476	
399	443	1071	1464	561	
576	579	820	1073	432	
576	579	29	227	580	
410	411	1640	776	
853	854	1607	901	1371	1778	
239	306	576	579	807	1281	1084	
1499	1607	1689	524	1133	
1607	409	1056	83	
213	289	357	532	
731	429	
519	1736	637	1149	978	
528	1016	430	1326	1571	
1283	1480	
1282	1433	
732	751	
356	576	734	1408	
1284	1222	
1286	499	
493	1755	716	1735	
267	306	333	956	249	896	
458	579	417	
576	624	84	539	788	
101	171	356	461	
81	86	239	306	576	579	719	298	556	
1287	1265	
576	754	1481	497	
754	755	820	151	
331	759	760	1522	
87	153	576	79	1561	427	
19	576	440	486	1763	
239	306	576	579	761	1081	1134	
239	306	576	579	762	643	1078	
239	306	576	899	887	1746	529	
239	840	1108	1031	1144	1559	327	
239	306	576	1577	879	704	1469	
239	306	1562	265	284	1539	804	
1289	1646	
267	306	357	768	798	304	
1	579	1006	246	
1363	1609	1699	1451	
3	579	763	1270	
1365	656	75	1804	
4	20	357	161	
1366	1609	1702	1771	
5	579	1171	694	
1367	1609	1703	1352	
6	579	766	464	
1368	1609	1704	983	
576	773	269	673	338	1238	
567	568	576	773	774	995	
97	564	524	871	
213	356	357	719	1238	223	
580	732	775	847	
579	775	1168	641	
239	306	576	322	360	1089	1185	
239	1410	569	189	1606	636	862	
239	306	576	1157	753	1376	495	
174	576	719	534	345	
1367	888	1011	1511	
239	531	1324	832	1359	
239	306	576	873	1128	
239	306	576	579	784	207	1038	
239	306	896	1187	229	1046	410	
239	306	576	1791	72	1621	180	
10	154	1262	1067	
89	497	
500	999	
239	306	370	950	23	383	1382	
239	306	576	904	1040	214	1129	
579	785	792	1095	
579	786	1523	1575	
1609	807	1354	1499	
579	787	840	417	
1609	1718	1725	1715	
579	788	795	1650	
579	789	796	1203	
1609	1721	1177	1264	
337	355	556	576	627	
343	905	1704	359	960	
342	355	556	612	318	
341	111	56	226	292	
1292	1577	
576	799	1607	1143	
576	807	1189	1639	
1293	952	
239	306	1277	1767	826	495	
1421	1672	58	690	
1418	1609	917	1495	
1417	1609	1613	104	
1405	1607	706	818	227	
1406	1709	486	1341	695	
1408	1519	340	1308	133	
1409	1607	1518	21	880	
1410	1599	835	871	1121	
1411	145	818	705	465	
1413	1607	1609	1673	761	
1414	1607	1397	295	379	
1388	1519	1607	1609	259	
1394	1607	1609	462	1559	
1390	1607	1609	1612	938	
1376	457	888	858	594	
1377	727	800	1132	572	
1378	1607	1609	1688	1523	
1380	553	780	650	1156	
1382	1607	1185	191	1024	
1386	1607	1535	1598	587	
1387	702	1153	196	1693	
175	239	623	1354	1089	
716	811	1678	1022	
98	579	719	720	822	
213	356	357	484	485	576	653	
208	1326	757	1125	1304	185	
814	1097	
716	813	1678	582	
1295	1755	
356	576	72	1475	159	1046	
176	356	576	945	
813	817	902	515	
522	579	818	357	
239	1423	760	824	
239	306	943	205	
175	176	355	376	382	576	1499	
356	576	579	1355	787	
579	732	821	647	
344	576	719	720	259	1132	
576	824	1607	1755	
1297	60	
1298	189	
579	827	1799	
32	179	1138	1163	342	1694	1164	
19	467	760	413	433	
239	306	576	579	807	833	1510	
576	1228	639	259	
1301	1790	
156	783	371	796	
356	576	224	288	
356	576	778	490	
356	576	780	63	
1302	106	
579	807	845	348	
342	355	576	839	1325	
341	771	364	1352	702	
340	355	576	710	1058	
357	807	1498	965	
1609	1178	808	1084	
306	437	164	714	1286	
159	505	685	1741	
576	114	433	74	
1303	875	
65	234	386	779	
570	575	807	278	
65	410	575	731	
612	626	403	1450	
848	1378	
239	1127	1455	1528	1200	
1306	856	
849	86	
807	858	691	1471	
576	732	733	853	1279	
576	707	708	732	40	
855	380	
104	576	719	1258	1153	
239	306	576	857	726	
177	392	432	579	414	
239	306	576	1351	1640	
872	561	
87	1661	
1310	1274	
1311	1587	
868	1662	
239	306	1206	1199	1473	
1312	257	
413	297	1165	
239	388	88	1382	692	
407	522	579	492	1154	
407	522	567	179	968	
336	398	567	568	1546	
451	579	951	630	921	
411	484	485	486	1516	114	
376	400	484	485	576	758	
454	533	939	1796	186	1615	
871	20	
859	1405	
67	239	306	576	579	807	909	120	908	1305	
239	306	467	468	473	576	579	400	861	211	1086	876	
356	576	579	724	900	1493	
286	306	522	573	579	14	153	1109	
469	550	579	580	622	1405	
35	579	891	640	
251	501	474	405	
576	537	686	525	538	
409	571	572	764	582	1569	
409	1667	378	1125	1517	24	
267	951	878	4	366	1237	
579	707	914	1008	1718	
1314	479	
576	880	1607	866	
91	251	530	1088	1507	
306	576	820	884	599	
213	231	357	190	
724	852	1596	
724	694	250	
576	884	1667	1176	
1316	1661	
204	489	572	576	1014	
543	709	1450	706	
91	92	337	
440	576	1557	1646	1571	
105	576	1457	221	459	
239	306	394	614	1188	
576	889	1607	164	
1317	563	
1318	575	
576	893	1430	1067	
1319	1400	
894	938	
1320	406	
576	1016	462	1796	
251	543	905	619	
213	357	576	715	663	
239	386	723	1053	735	1554	994	
576	580	1048	793	
301	571	631	468	
1324	849	
239	306	576	579	1008	166	1594	
1325	1323	
334	296	
263	576	1242	1506	1395	
1326	596	
1327	913	
205	251	412	907	1759	1207	178	267	
576	579	1187	181	140	
251	444	445	972	
445	447	340	
239	306	576	654	392	
438	1117	102	1617	
576	719	1336	1690	1013	1404	
357	579	892	453	449	
579	580	951	125	
576	944	945	1324	
576	944	1302	1692	
239	306	576	579	807	1661	641	
1330	530	
1332	1174	
579	1702	360	4	
267	306	820	941	1074	1682	
576	594	1195	271	
576	941	370	1664	
716	941	1678	137	
1331	1011	
172	267	306	356	416	456	576	579	628	629	1420	1674	87	
501	859	467	1224	
576	579	707	708	1258	1408	
63	64	1607	465	1758	1218	
239	306	1202	1531	586	
415	449	452	997	
73	172	576	820	1680	
413	394	
507	96	251	825	
507	576	894	743	870	
536	1429	533	
783	1077	259	1660	
579	624	884	1275	
131	941	1557	
267	306	1315	1544	93	255	
576	1704	1686	1014	
1338	261	
69	554	576	719	793	
239	306	576	579	807	978	1570	
1339	846	
1344	649	
96	251	543	625	
576	984	1607	1539	
1345	523	
239	305	576	807	151	
1443	1357	642	700	259	
1445	1607	1609	1103	150	
1347	281	
576	579	719	720	994	1415	
239	306	1803	1497	373	361	554	
576	579	807	1000	830	
1607	1609	326	1495	1647	
1576	1607	1609	1007	1299	
1350	166	
356	719	720	1005	90	
1567	1607	330	195	1773	
251	543	77	1439	
500	744	39	699	
356	549	576	579	757	97	
253	651	1357	657	
200	239	306	576	807	999	1260	
247	1667	1168	781	1700	
579	1068	819	
356	379	1497	992	
330	576	579	812	1440	
576	1018	1607	1639	
576	1018	149	1797	
1353	801	
576	670	1763	129	1167	
1354	284	
1022	577	
579	1656	1165	1777	
522	4	448	36	147	
576	1023	1607	1794	
576	283	1118	832	
267	306	820	975	418	329	
239	1767	220	349	586	1524	1789	
576	1025	1607	644	
267	378	576	1314	1789	101	1060	
872	504	
1357	1065	
1028	389	
820	836	1357	1647	
1359	264	
1035	779	
494	1633	
576	1038	1607	983	
1038	352	
239	306	576	579	1420	278	800	
1362	608	
