0	64	68	166	189	213	238	239	254	264	293	297	301	306	313	316	325	348	354	357	358	376	378	382	391	400	411	450	460	467	473	474	540	543	550	558	572	573	576	579	591	596	620	636	649	659	660	666	685	690	693	696	701	703	704	707	719	720	721	722	724	725	779	780	782	787	788	790	799	800	807	820	833	846	850	854	867	884	888	896	897	903	935	939	941	976	984	1000	1024	1025	1038	1117	1491	1492	1494	1662	1664	1666	1667	1669	1710	1711	1713	1718	1719	1721	0
0	249	492	935	0
0	489	576	579	935	0
0	483	518	576	935	0
0	576	579	686	0
1	239	306	576	761	0
1	579	761	807	0
2	239	306	576	762	0
2	579	762	807	0
3	579	763	807	1
4	1366	0
4	239	306	576	764	0
4	579	764	807	0
5	239	306	576	765	0
5	579	765	807	0
6	1368	0
6	239	306	576	766	0
7	239	306	576	767	0
10	154	239	306	2
11	576	579	877	0
11	357	419	576	579	0
13	576	660	1373	1607	1636	2
14	197	404	556	0
15	197	590	765	0
15	197	556	590	0
16	197	764	770	0
16	556	576	585	807	0
16	197	556	770	0
17	556	576	742	807	0
17	197	556	746	0
18	556	576	740	807	0
18	197	556	739	0
20	197	556	930	0
22	576	1399	1607	0
22	579	724	852	0
23	579	615	852	0
24	108	579	1
24	153	213	357	1
25	26	306	576	820	0
27	460	576	579	1
27	474	475	1
28	302	576	579	852	0
29	132	579	0
29	256	576	721	722	0
30	133	579	2
30	51	576	721	722	0
31	102	576	719	720	0
33	61	576	721	722	0
34	489	573	576	579	820	0
35	36	2
37	277	503	784	1
37	403	503	576	579	0
38	1402	2
38	503	576	579	979	0
39	279	503	786	2
39	503	576	579	981	0
40	503	576	579	584	1
41	281	503	788	1
43	283	503	790	2
44	403	504	576	579	0
45	1409	2
45	278	504	785	2
46	1410	2
46	279	504	786	2
48	281	504	788	0
48	504	576	579	586	0
49	1413	2
50	1414	0
50	504	576	579	741	0
52	576	721	722	884	0
53	304	576	721	722	0
53	213	357	550	0
54	131	356	576	579	0
56	403	556	576	579	0
57	501	852	0
57	194	579	0
58	579	679	1
59	512	579	2
60	501	852	0
61	537	576	719	720	0
61	537	576	721	722	0
61	576	618	719	720	0
62	576	721	722	772	0
63	64	549	557	1
63	64	576	577	1607	1
63	64	576	719	720	1607	0
63	64	576	579	945	946	1
63	64	1607	1609	1773	1774	1
64	356	419	576	745	820	1
65	453	807	1018	0
65	234	386	807	0
65	410	575	807	1
65	429	612	807	0
65	807	943	944	0
67	576	628	629	630	631	1
67	239	306	576	579	807	909	910	913	914	0
69	356	549	576	0
69	608	2
70	556	576	579	586	0
72	99	579	0
72	100	579	0
73	163	576	579	807	0
73	163	239	306	1
75	357	576	579	734	817	0
78	357	489	817	0
79	1419	1
80	1420	1
82	84	247	264	576	0
82	85	239	306	576	579	719	720	807	0
83	84	732	0
83	84	239	306	576	579	719	720	807	0
86	151	356	576	2
87	153	576	579	721	722	0
87	864	1
89	239	306	554	576	0
91	92	852	2
93	1421	2
94	1422	1
94	556	576	579	979	0
96	356	719	720	819	0
97	573	820	0
98	576	579	709	724	0
100	132	213	357	576	579	0
101	171	356	576	2
102	103	239	306	576	0
103	356	576	1034	0
104	576	719	720	855	0
107	319	579	1
107	232	576	721	722	0
109	307	579	1
109	206	576	719	720	0
111	576	1427	1607	0
112	135	576	721	722	0
113	136	576	721	722	0
114	579	916	0
114	137	576	721	722	0
115	393	579	2
117	140	576	721	722	0
119	142	576	719	720	0
120	143	576	719	720	0
121	144	576	721	722	0
122	579	947	2
122	145	576	721	722	0
123	579	735	1
123	146	576	719	720	0
124	579	948	1
126	579	747	0
127	579	950	1
127	150	576	721	722	0
129	576	1429	1607	0
130	579	927	0
130	152	576	719	720	0
131	501	579	884	976	0
132	251	543	1025	0
134	197	334	356	576	665	0
137	197	356	576	590	665	0
146	213	357	613	0
147	197	356	576	592	665	0
148	197	356	576	665	770	0
150	197	356	576	665	713	0
151	168	745	820	2
152	213	357	405	0
154	155	576	719	720	0
156	348	807	1
157	254	576	894	2
158	576	1431	1607	0
158	529	543	579	0
158	356	543	576	0
159	251	543	846	0
160	161	576	852	2
162	163	239	306	576	0
165	264	387	416	576	685	721	722	984	0
166	576	630	633	1
170	172	239	306	576	0
173	302	576	721	722	807	0
174	457	576	579	719	720	0
174	576	719	720	750	0
175	176	355	376	382	576	820	0
176	356	576	771	0
177	181	579	807	1
177	432	867	1
180	544	2
180	576	579	816	0
181	182	576	721	722	0
184	537	576	721	722	0
184	576	618	719	720	0
184	576	618	721	722	0
185	511	579	2
185	538	579	2
186	234	387	579	1
188	190	234	579	2
189	576	583	685	935	0
189	576	693	719	720	0
190	576	1434	1607	0
191	431	576	718	726	2
192	420	521	1
194	356	721	722	871	0
195	507	576	721	722	0
196	264	266	390	1
197	267	306	713	820	979	0
197	267	306	820	930	981	0
197	267	306	586	590	820	0
197	267	306	741	746	820	0
197	267	306	403	404	820	0
197	576	585	770	807	0
197	576	739	740	807	0
197	576	742	746	807	0
197	284	357	576	773	0
197	590	638	640	0
197	640	653	713	0
197	394	395	576	579	0
197	576	579	930	981	0
197	576	579	586	590	0
197	576	579	736	743	0
197	209	232	356	576	665	0
197	356	560	576	665	752	0
198	576	1435	1607	0
199	200	253	579	1
199	239	306	576	807	999	1010	0
201	254	543	579	1
202	213	357	576	897	0
204	576	604	719	720	0
205	251	356	576	732	895	902	925	0
206	213	357	0
207	579	580	711	724	732	0
207	285	576	719	720	0
208	233	239	306	1
208	230	579	753	1
208	213	267	306	357	820	0
208	231	382	576	581	1
208	213	611	613	0
210	576	1440	1607	0
211	213	357	576	719	720	0
211	1441	1
211	464	576	719	720	0
211	248	366	576	579	823	1
211	463	487	488	576	579	732	895	0
211	550	941	0
213	351	357	576	579	734	0
213	220	357	536	0
213	289	357	860	0
213	356	357	719	720	852	0
213	356	357	484	485	576	852	0
213	231	357	884	0
213	357	576	715	897	0
213	357	443	444	576	0
217	270	273	579	2
217	219	349	579	2
218	576	820	993	1024	0
219	224	1
223	226	852	1
223	224	239	306	576	0
224	783	852	1446	0
225	783	852	1447	0
227	579	616	1
228	229	247	264	2
234	576	579	612	724	0
234	576	1451	1607	0
234	235	579	866	0
234	235	807	858	0
236	237	239	306	576	0
236	306	328	576	823	0
237	245	573	576	820	0
238	245	564	576	863	1
239	306	576	579	807	1076	1449	0
239	267	522	573	0
239	267	619	635	0
239	255	306	576	579	807	1459	0
239	258	259	306	576	0
239	258	306	576	579	807	1460	0
239	275	576	579	0
239	292	306	576	579	807	1470	0
239	293	306	576	579	807	1471	0
239	299	306	576	579	807	1474	0
239	306	576	579	807	0
239	306	576	579	807	1607	0
239	306	328	576	579	807	1480	0
239	306	335	576	579	724	807	829	0
239	306	332	576	579	807	1482	0
239	306	346	576	579	807	1483	0
239	306	576	579	807	1243	1633	0
239	306	358	576	579	807	1498	0
239	306	359	576	579	807	1499	0
239	306	357	370	371	807	0
239	306	357	374	375	807	0
239	306	376	540	543	576	579	807	1024	0
239	306	377	576	579	807	1507	0
239	306	378	576	579	807	1508	0
239	306	398	399	0
239	306	388	389	0
239	306	415	424	543	576	807	0
239	306	442	449	0
239	306	452	453	576	0
239	306	576	579	807	1149	1540	0
239	306	463	576	579	807	1545	0
239	306	351	474	576	579	807	1551	0
239	306	478	576	579	807	1555	0
239	306	480	576	579	807	1557	0
239	306	465	472	576	0
239	306	503	576	579	807	1569	0
239	306	505	576	579	807	1571	0
239	306	506	576	579	807	1572	0
239	306	509	510	576	0
239	306	483	489	518	576	807	0
239	306	536	576	579	807	1586	0
239	306	540	576	579	807	1591	0
239	306	382	543	547	576	807	0
239	306	543	576	579	807	1592	0
239	306	553	556	576	0
239	306	561	563	576	0
239	306	564	570	576	0
239	306	572	574	576	807	897	0
239	306	572	576	579	807	1604	0
239	242	576	595	602	2
239	242	576	606	802	2
239	306	507	536	576	0
239	306	466	494	576	0
239	306	576	579	593	807	1614	0
239	306	576	579	596	807	1615	0
239	306	576	605	803	0
239	306	576	579	620	807	1620	0
239	306	576	579	634	807	1625	0
239	306	576	579	653	807	1633	0
239	306	576	579	807	1242	1632	0
239	306	576	579	660	807	1636	0
239	306	576	579	673	807	1643	0
239	306	576	579	674	807	1644	0
239	306	576	579	668	807	1640	0
239	306	576	579	688	807	1653	0
239	306	576	579	687	807	1652	0
239	306	576	579	685	807	1651	0
239	306	576	579	701	807	1660	0
239	306	576	579	710	807	1661	0
239	306	522	573	0
239	306	1002	1024	0
239	306	442	450	0
239	306	451	454	0
239	306	398	400	0
239	306	388	391	0
239	306	576	579	725	807	1681	0
239	306	576	579	725	807	1681	0
239	306	576	579	807	0
239	306	576	579	807	1281	1689	0
239	306	576	579	761	807	1699	0
239	306	576	579	764	807	1702	0
239	306	576	579	765	807	1703	0
239	306	576	579	766	807	1704	0
239	306	576	579	767	807	1705	0
239	306	576	579	776	807	1707	0
239	306	576	579	779	807	1710	0
239	306	576	579	788	807	1719	0
239	306	576	579	797	807	1728	0
239	306	576	579	800	807	1730	0
239	306	813	815	0
239	306	356	734	783	0
239	306	820	823	0
239	306	807	820	0
239	250	306	491	576	807	0
239	306	576	579	807	834	1738	0
239	306	576	579	807	846	1741	0
239	306	576	849	850	0
239	306	576	775	851	0
239	306	576	783	852	0
239	306	836	857	0
239	306	487	576	867	0
239	306	576	862	872	0
239	306	576	868	869	0
239	388	579	951	952	0
239	388	567	568	579	0
239	306	467	468	473	576	579	807	910	911	913	914	0
239	306	576	579	807	925	1766	0
239	306	576	654	655	0
239	306	576	579	807	941	1769	0
239	306	449	576	944	0
239	306	937	939	0
239	306	576	579	807	978	1777	0
239	306	576	579	807	983	1781	0
239	305	576	807	939	0
239	306	542	576	807	997	998	0
239	254	306	576	807	997	999	0
239	306	576	1033	1036	0
239	306	576	1034	1037	0
239	306	576	579	807	1038	1804	0
240	306	500	576	820	0
241	306	562	576	820	0
243	267	576	579	859	0
246	579	846	1022	0
246	293	356	576	0
247	264	360	576	780	1
247	264	361	576	782	1
247	264	576	583	685	0
247	264	666	667	1
247	264	440	576	1017	1
248	418	1
248	422	576	579	820	0
251	356	357	719	720	903	0
251	301	543	734	0
251	540	543	576	721	722	0
251	543	597	622	0
251	543	750	806	0
251	543	799	805	0
251	444	445	543	0
251	543	1004	1005	0
252	301	356	576	0
253	269	270	579	1
253	576	1457	1607	0
253	579	1010	1012	0
254	576	1458	1607	1
254	576	1458	1607	1
254	716	1458	1678	1
254	382	628	629	1
254	382	913	914	1
261	356	576	579	724	1021	0
262	466	0
264	356	368	387	685	822	1
264	306	579	685	807	820	0
267	397	499	0
267	297	301	306	540	543	576	579	820	0
267	297	301	306	576	724	820	0
267	301	303	306	820	958	0
267	311	378	702	706	1
267	322	378	706	1027	1
267	306	357	396	576	820	1516	1607	0
267	306	357	405	576	820	1519	1607	0
267	306	357	576	820	928	1607	1778	0
267	306	357	576	820	932	1607	1779	0
267	306	357	576	810	820	1607	1612	0
267	306	357	576	748	820	1607	1695	0
267	306	357	576	737	820	1607	1696	0
267	306	543	548	820	961	0
267	306	540	543	564	576	579	820	1030	0
267	306	685	689	820	967	0
267	576	579	719	727	0
267	306	436	576	719	724	820	0
267	306	576	579	820	0
267	306	576	743	744	820	0
267	306	357	768	798	820	0
267	306	820	833	835	969	0
267	306	576	836	859	0
267	306	357	820	877	901	0
267	306	820	973	976	977	0
268	576	1464	1607	0
274	820	826	836	2
275	306	576	820	0
286	306	522	573	579	807	820	896	0
287	871	2
288	576	1467	1607	0
288	576	1467	1607	0
289	519	576	1002	1006	0
290	507	579	609	0
290	783	852	1468	0
291	292	467	468	473	576	1
293	294	499	0
297	576	1473	1607	0
299	300	571	572	579	0
301	397	522	573	576	623	807	0
301	576	614	707	708	0
301	499	576	614	902	0
301	576	580	614	732	0
301	499	724	0
301	576	1475	1607	0
301	576	1475	1607	0
301	576	1475	1607	0
302	576	605	721	722	0
306	657	658	820	1
306	576	705	706	820	0
306	576	698	699	820	0
306	576	719	727	820	0
306	436	576	726	820	0
306	437	576	771	820	0
306	391	484	485	576	579	0
306	576	820	884	885	0
308	369	372	520	1
309	552	576	579	719	720	0
309	347	576	719	720	0
311	312	573	576	820	0
312	313	573	576	820	0
314	318	576	579	719	720	0
314	321	487	488	576	579	732	895	0
316	317	576	579	721	722	0
316	576	1476	1607	1
319	320	576	719	720	0
319	320	576	721	722	0
323	324	573	576	820	0
327	421	576	579	1
331	352	576	753	807	1
331	759	760	807	1
332	1482	2
334	931	1
335	366	576	724	1
336	376	576	579	807	0
336	398	579	951	952	0
336	398	567	568	579	0
337	376	576	761	820	0
337	355	576	837	884	0
338	355	576	579	765	0
338	355	556	576	795	0
339	355	576	579	764	0
339	355	556	576	794	0
340	355	576	579	767	0
342	376	576	763	820	0
342	355	556	576	793	0
343	355	576	579	762	0
343	355	556	576	792	0
343	355	576	838	884	0
344	423	576	719	720	0
345	414	576	719	720	0
348	615	1
349	783	852	1485	0
351	576	1486	1607	0
351	902	1486	1761	0
353	355	576	642	654	1
354	576	1487	1607	0
355	385	579	807	0
355	376	576	579	820	0
356	368	576	579	732	822	0
356	576	579	582	0
356	663	719	720	852	0
356	664	721	722	852	0
356	576	694	817	0
356	576	726	820	836	856	0
356	576	734	852	0
356	357	576	665	667	749	0
356	576	753	846	0
356	490	576	758	0
356	576	579	734	783	807	0
356	576	579	805	819	0
356	576	776	837	0
356	576	778	839	0
356	576	579	724	900	907	0
357	403	405	576	579	0
357	576	579	932	981	0
357	576	579	738	898	0
357	576	579	741	748	0
357	576	579	611	613	0
357	605	903	906	0
357	579	892	903	933	0
358	576	1498	1607	1
358	1498	1
364	365	467	468	473	576	1
364	365	473	576	861	867	0
365	576	1502	1607	1
367	573	579	820	0
369	520	1503	1584	1
369	370	1503	1504	1
370	576	1504	1607	1
371	372	1
373	385	579	866	0
376	576	702	703	820	0
377	576	1124	1215	0
378	1508	1
379	576	683	852	926	2
381	579	581	724	852	0
382	1512	1
383	579	583	724	852	0
385	576	1513	1607	0
386	429	576	579	724	0
386	389	579	807	0
391	430	576	579	724	0
393	396	467	468	2
395	576	719	720	931	0
399	400	576	579	820	0
404	576	721	722	929	0
407	522	579	951	952	0
408	410	579	807	1
410	576	1521	1607	0
411	484	485	573	576	579	1
412	1522	2
413	470	647	2
413	556	707	708	0
413	647	869	2
414	576	601	732	1
415	576	721	722	935	0
417	576	721	722	938	0
417	420	1
420	422	579	807	1
421	707	708	754	0
421	499	754	902	1
426	576	721	722	940	0
426	576	719	720	940	0
427	430	576	579	807	0
428	430	576	579	820	0
429	576	1524	1607	0
433	576	578	579	719	720	0
433	627	1
435	1526	2
438	439	1531	1532	2
440	576	719	720	878	0
442	448	576	617	643	2
445	447	579	1
446	448	576	721	722	0
451	579	951	952	1002	0
451	567	568	579	1002	0
452	454	576	579	820	0
452	453	579	807	0
453	576	1537	1607	0
457	466	501	1033	0
458	579	594	2
460	467	468	473	480	576	1
461	576	721	722	809	0
464	1546	2
465	783	852	1561	0
466	783	852	1561	0
466	677	0
466	507	0
466	576	719	720	876	0
467	468	610	613	1
467	468	735	737	1
467	468	927	928	1
467	468	589	810	1
467	468	747	898	1
467	468	473	481	482	576	1
467	468	473	576	628	629	630	631	1
467	468	473	576	628	629	631	632	1
467	468	576	911	912	1
469	572	604	0
469	487	488	576	579	710	732	895	0
469	550	579	580	732	875	0
473	576	800	821	0
473	576	1549	1607	0
473	576	1549	1607	0
473	476	477	487	488	576	1
473	478	479	576	861	867	0
473	481	482	487	488	576	1
479	576	1556	1607	1
482	576	1559	1607	1
484	485	576	721	722	0
487	488	521	576	579	634	732	895	0
487	488	549	576	579	732	895	915	0
489	490	756	758	1
489	576	1560	1607	0
492	579	623	0
493	627	745	820	1
494	507	579	899	0
494	536	0
496	507	579	660	0
497	576	679	719	720	0
499	707	708	902	0
499	579	664	0
499	576	1565	1607	0
499	576	579	601	751	0
499	902	1565	1761	0
500	576	820	1006	1024	0
500	558	807	0
500	672	674	807	0
500	510	1006	1007	0
505	556	576	579	625	0
507	783	852	1586	0
507	576	954	1002	1006	0
508	530	576	1002	1006	0
509	536	579	681	0
509	576	1574	1607	0
509	536	579	648	0
512	576	1578	1607	0
513	576	1579	1607	0
515	576	1581	1607	0
519	528	576	1002	1008	1
521	557	576	579	719	720	0
522	565	576	579	0
522	525	576	676	807	0
522	573	576	1013	1023	0
523	525	579	0
525	564	576	579	676	0
527	573	579	820	0
527	576	579	807	818	0
528	576	731	1002	1006	0
529	531	576	579	721	722	0
536	668	673	674	0
536	668	672	674	0
536	668	671	672	0
536	668	670	671	0
536	576	1586	1607	0
536	579	673	674	0
536	579	672	674	0
536	579	953	0
537	576	1587	1607	0
539	576	1589	1607	0
540	543	579	724	0
540	543	579	820	825	836	0
543	576	1592	1607	0
543	716	1592	1678	0
543	579	902	904	0
545	546	576	721	722	807	0
549	557	576	721	722	0
549	557	853	854	0
549	616	902	0
550	579	833	834	0
550	579	693	884	935	0
551	553	576	719	720	0
551	1594	3
552	576	1595	1607	1
553	555	579	807	1
554	579	677	678	0
557	716	1600	1678	0
561	562	579	807	0
567	568	571	572	0
567	568	576	773	774	895	0
570	576	1602	1607	0
570	573	579	823	0
571	572	576	721	722	0
571	572	579	580	0
572	651	711	0
573	576	579	724	1031	0
573	576	702	704	820	0
575	576	1606	1607	1
575	1606	1
576	995	1002	1014	1015	2
576	1080	1453	1607	0
576	579	807	981	982	0
576	579	584	585	807	0
576	579	741	742	807	0
576	1094	1469	1607	0
576	1095	1470	1607	0
576	1105	1480	1607	1
576	1106	1481	1607	0
576	721	722	829	830	0
576	1113	1495	1607	0
576	1119	1501	1607	0
576	579	732	853	854	1607	0
576	579	732	853	854	1607	0
576	883	1607	1753	0
576	719	720	918	930	0
576	721	722	918	930	0
576	721	722	770	950	0
576	590	719	720	919	0
576	719	720	746	916	0
576	721	722	746	916	0
576	592	719	720	934	0
576	592	721	722	934	0
576	719	720	736	948	0
576	1159	1551	1607	1
576	1162	1554	1607	0
576	1151	1543	1607	0
576	1167	1559	1607	1
576	1166	1558	1607	3
576	721	722	861	867	0
576	579	644	711	0
576	611	1607	1617	0
576	579	596	598	719	720	0
576	596	1607	1615	0
576	579	612	719	720	1028	0
576	577	853	854	1607	0
576	577	707	708	1607	0
576	620	1607	1620	0
576	624	1607	1622	0
576	578	579	627	719	720	0
576	636	1607	1626	0
576	646	711	719	720	0
576	644	719	720	852	0
576	649	1607	1631	0
576	658	1607	1634	0
576	655	656	986	1002	2
576	663	1607	1638	0
576	664	1607	1639	0
576	664	1607	1639	0
576	681	1607	1648	0
576	991	1000	1672	1
576	991	1000	1672	1673	1
576	707	708	719	720	0
576	716	1607	1678	0
576	716	1607	1678	0
576	579	723	859	1682	0
576	729	1607	1684	0
576	579	729	730	853	854	1607	0
576	719	720	728	730	732	0
576	1280	1607	1686	0
576	579	820	1030	1031	0
576	579	820	1013	1024	0
576	579	719	720	724	729	0
576	607	721	722	752	0
576	579	721	722	732	798	864	0
576	719	720	775	850	0
576	799	1607	1729	0
576	579	807	820	823	0
576	824	1607	1735	0
576	844	1607	1739	0
576	719	720	732	1018	1019	0
576	732	733	853	854	0
576	707	708	732	733	0
576	1310	1607	1748	0
576	807	879	882	887	2
576	884	1607	1754	0
576	893	1607	1756	0
576	897	1607	1760	0
576	579	719	720	902	908	0
576	579	721	722	902	908	0
576	902	1607	1761	0
576	579	807	937	939	0
576	719	720	721	722	1607	0
576	941	1607	1769	0
576	941	1607	1769	0
576	943	1607	1771	0
576	721	722	951	952	0
576	976	1607	1776	0
576	1342	1607	1780	0
576	721	722	992	999	0
576	579	719	720	1006	1009	0
576	1018	1607	1795	0
576	1023	1607	1797	0
576	1028	1607	1799	0
576	1037	1607	1803	0
576	1035	1607	1802	0
577	1608	1
579	603	724	816	0
579	807	847	848	0
579	612	626	866	0
579	637	641	807	2
579	580	685	688	0
579	685	687	951	952	0
579	724	726	727	0
579	718	723	724	0
579	775	807	851	0
579	787	794	807	1
579	788	795	807	0
579	789	796	807	2
579	682	808	809	2
579	732	821	822	0
579	807	849	850	0
579	807	859	866	0
579	707	708	880	893	0
579	734	924	0
579	580	951	952	0
579	803	807	941	0
579	866	1018	1023	0
579	866	1028	1032	0
612	626	807	858	0
645	852	853	854	0
645	707	708	852	0
664	734	853	854	0
664	707	708	734	0
664	902	1639	1761	0
682	1649	2
686	693	721	722	0
694	903	0
696	1658	2
697	783	852	1659	0
707	708	1529	1530	0
714	1677	2
716	811	1678	1732	0
716	833	1678	1737	0
716	884	1678	1754	0
718	1679	2
724	1680	0
727	1682	0
728	1683	2
729	730	1684	1685	1
731	1691	2
747	748	1
753	846	1697	1741	1
759	1
783	807	992	993	0
813	817	902	903	0
814	1734	2
820	836	1028	1030	0
848	1742	1
849	1743	1
851	1744	1
853	854	1586	1587	1607	1609	0
855	1746	2
858	859	0
872	1033	1
902	924	1761	1765	0
927	932	1
989	1001	1002	1003	2
996	1001	1011	1013	1
1001	1788	1
1006	1007	0
1028	1799	0
1035	1036	1
1038	1804	2
1039	1370	2
1040	2
1041	1372	2
1042	1373	2
1045	2
1046	1398	2
1047	2
1047	1399	2
1048	2
1048	1400	2
1049	2
1050	2
1050	1423	2
1051	1424	2
1052	1425	2
1053	2
1053	1426	2
1054	2
1054	1427	2
1056	2
1057	1430	2
1058	2
1058	1431	2
1059	1432	2
1060	1433	3
1061	3
1062	3
1065	3
1066	3
1067	1440	3
1070	1443	1
1072	3
1072	1445	3
1073	3
1074	3
1074	1447	3
1075	3
1078	1451	3
1079	3
1080	1
1081	3
1082	3
1082	1454	3
1087	3
1088	3
1088	1460	3
1089	3
1090	1463	3
1092	1
1092	1467	1
1093	3
1093	1468	3
1094	1095	1158	1
1095	1
1096	3
1097	3
1098	3
1098	1473	3
1099	1474	3
1100	0
1100	1475	0
1102	3
1102	1477	3
1103	1478	3
1104	1479	3
1106	1
1108	3
1108	1483	3
1110	3
1110	1485	3
1111	3
1112	3
1112	1487	3
1113	1
1114	3
1114	1496	3
1115	3
1115	1497	3
1116	3
1117	3
1119	1
1119	1120	1158	1
1121	1503	1
1124	1
1124	1507	1
1125	1508	1
1126	3
1126	1509	3
1129	3
1130	3
1132	3
1132	1515	3
1133	3
1133	1516	3
1134	3
1134	1517	3
1135	3
1136	0
1136	1519	0
1137	3
1137	1520	3
1138	3
1138	1521	3
1139	2
1139	1522	2
1141	3
1142	3
1144	3
1144	1527	3
1146	3
1146	1535	3
1148	3
1151	1
1153	3
1155	3
1156	3
1157	1549	1
1158	1163	1164	1
1161	3
1162	1
1163	1
1167	1
1168	3
1168	1560	3
1169	3
1173	3
1174	1566	3
1175	1567	3
1176	3
1176	1568	3
1177	0
1177	1569	0
1179	3
1180	3
1180	1572	3
1182	3
1183	1
1183	1575	1
1185	3
1187	3
1189	3
1190	1582	3
1191	3
1192	3
1193	3
1194	0
1194	1586	0
1195	1587	1
1196	3
1197	1589	1
1198	1590	1
1199	3
1199	1591	3
1200	0
1200	1592	0
1202	1594	3
1204	1596	3
1205	1597	3
1206	1598	3
1207	1599	1
1208	3
1208	1600	3
1209	3
1210	3
1212	2
1212	1604	2
1213	3
1214	3
1215	0
1215	1607	0
1215	1217	1221	1222	1242	1
1216	1608	1
1217	1609	0
1218	3
1219	1611	3
1222	1
1224	3
1228	1618	3
1229	3
1229	1619	3
1230	1620	1
1231	3
1232	3
1233	1623	3
1234	3
1234	1624	3
1235	3
1235	1625	3
1236	3
1236	1626	3
1237	3
1238	3
1239	3
1241	3
1241	1631	3
1244	1634	3
1245	3
1246	3
1246	1637	3
1250	3
1251	3
1251	1642	3
1252	3
1253	1644	3
1256	3
1256	1647	3
1258	3
1260	3
1260	1651	3
1262	3
1262	1653	3
1263	3
1263	1654	3
1264	3
1265	3
1266	3
1266	1657	3
1267	3
1268	1659	3
1270	3
1270	1661	3
1271	1677	2
1272	0
1272	1678	0
1273	1679	2
1274	1
1274	1680	1
1276	3
1277	1683	2
1278	1684	1
1280	1686	3
1281	1
1282	1692	1
1283	1693	3
1285	0
1285	1695	0
1288	3
1289	3
1291	3
1292	3
1292	1730	3
1293	1731	0
1294	1732	3
1296	3
1298	1736	3
1299	3
1300	3
1301	1739	3
1303	1
1303	1741	1
1304	1
1304	1742	1
1305	3
1306	1744	1
1307	3
1308	3
1309	3
1310	3
1310	1748	3
1311	3
1311	1749	3
1312	1750	3
1313	3
1314	3
1314	1752	3
1315	1753	3
1316	0
1316	1754	0
1317	3
1319	3
1319	1757	3
1320	1758	3
1322	3
1323	0
1323	1761	0
1325	3
1326	3
1326	1764	3
1327	3
1327	1765	3
1330	3
1330	1768	3
1332	3
1333	3
1334	1772	3
1335	1773	3
1339	3
1339	1777	3
1340	3
1341	1779	0
1342	1
1343	3
1343	1781	3
1346	1784	3
1347	3
1347	1786	3
1348	3
1348	1789	3
1349	3
1352	1793	1
1353	3
1353	1795	3
1354	3
1356	1798	3
1357	1
1357	1799	1
1358	3
1358	1800	3
1359	3
1359	1801	3
1360	1802	3
1361	3
1362	1804	2
1365	1609	1701	1731	1
1366	1609	1702	1731	0
1367	1609	1703	1731	0
1367	1542	1632	1711	1
1368	1609	1704	1731	0
1374	1519	1569	1607	1609	0
1375	1569	1607	1609	1778	0
1375	1607	1609	1708	1778	0
1376	1569	1607	1609	1779	0
1376	1607	1609	1709	1779	0
1377	1569	1607	1609	1612	0
1377	1607	1609	1612	1710	0
1378	1569	1607	1609	1613	0
1378	1607	1609	1613	1711	0
1379	1569	1607	1609	1694	0
1381	1519	1570	1607	1609	0
1383	1607	1609	1717	1779	0
1385	1607	1609	1613	1719	0
1388	1519	1599	1607	1609	0
1388	1519	1607	1609	1699	0
1389	1599	1607	1609	1613	0
1390	1599	1607	1609	1612	0
1391	1607	1609	1695	1705	0
1392	1599	1607	1609	1694	1
1392	1607	1609	1694	1704	0
1393	1599	1607	1609	1779	0
1393	1607	1609	1701	1779	0
1394	1599	1607	1609	1778	0
1394	1607	1609	1700	1778	0
1395	1424	1607	1609	0
1404	1607	1609	1612	1710	0
1405	1607	1609	1613	1711	0
1407	1607	1609	1695	1713	0
1409	1607	1609	1716	1778	0
1411	1462	1635	1718	3
1414	1607	1609	1695	1721	0
1415	1519	1609	1699	0
1419	1609	1695	1705	0
1420	1609	1694	1704	1
1422	1609	1700	1778	0
1425	1513	1609	1731	0
1426	1602	1609	1731	0
1430	1609	1731	1797	0
1436	1464	1465	1609	3
1442	1443	1609	1731	1
1443	1607	1609	1789	1793	0
1449	1499	1785	1788	1
1452	1463	1609	1731	3
1457	1465	1466	1609	0
1457	1673	1676	1
1457	1609	1669	1676	1
1457	1609	1671	1672	1
1457	1609	1662	1665	0
1459	1672	1674	1
1459	1609	1663	1674	0
1465	1466	1665	0
1466	1666	0
1488	1607	1609	1699	1715	0
1489	1607	1609	1700	1716	0
1490	1607	1609	1701	1717	1
1490	1596	1717	1
1492	1607	1609	1703	1719	0
1493	1607	1609	1704	1720	0
1494	1607	1609	1705	1721	0
1496	1513	1609	1731	0
1499	1607	1689	1690	1787	1
1507	1508	1607	1609	1692	1
1509	1607	1758	1767	1777	3
1514	1515	1609	1731	0
1517	1518	1609	1731	0
1531	1532	1603	1604	2
1535	1609	1731	1772	0
1538	1539	1607	1787	1794	1
1539	1541	1607	1787	1794	1
1544	1569	1599	1607	1609	0
1549	1550	1607	1609	1692	1
1567	1586	1609	1731	0
1571	1599	1607	1609	1623	0
1574	1576	1609	1731	1
1574	1575	1
1585	1605	1607	1609	1731	0
1589	1590	1609	1731	1
1590	1607	1609	1792	1793	1
1596	1598	1609	1731	3
1607	1609	1731	1787	1788	0
1609	1666	1667	0
1609	1671	1675	1
1609	1662	1663	0
1609	1670	1674	0
1609	1731	1800	1801	0
1609	1610	1680	1692	1706	1714	3
1609	1715	1722	1731	1
1609	1716	1723	1731	1
1609	1720	1727	1731	1
1609	1721	1728	1731	0
1609	1731	1740	1754	0
1609	1731	1769	1770	0
