1179	1668
0	366	768	1502	
0	761	951	1127	1502	
0	764	945	951	1502	
1	945	1248	1330	
2	947	1249	1332	
4	947	1251	1332	
7	8	
7	353	458	951	1254	
8	947	1255	1332	
9	10	
9	353	458	951	1256	
10	947	1257	1332	
11	353	458	951	1258	
12	947	1259	1332	
13	353	458	951	1260	
15	17	
15	304	951	1182	1183	
15	951	1047	1182	1183	
16	17	
16	
18	951	1048	1182	1183	
19	20	
19	
21	789	951	1182	1183	1330	
21	227	353	458	
22	1087	
24	1089	
25	528	951	1067	
26	
29	795	947	953	1566	
30	795	947	953	1569	
30	947	953	1277	1569	
32	795	947	953	963	
33	795	947	953	1226	
33	947	953	1226	1283	
34	795	947	953	1229	
35	616	947	953	1290	
37	798	947	953	1569	
37	947	953	1294	1569	
38	947	953	960	1296	
39	798	947	953	963	
40	947	953	1226	1300	
42	277	613	1248	
42	277	613	898	
43	616	900	947	953	
43	616	947	953	1249	
44	277	898	966	
45	947	953	963	1257	
47	900	947	953	960	
47	947	953	960	1255	
48	277	1234	1260	
49	900	947	953	1229	
49	947	953	1229	1261	
50	277	898	1223	
51	900	947	953	1226	
52	879	945	951	
52	881	945	951	1182	1183	
52	718	719	951	1364	
53	277	1252	1497	
55	277	1171	1250	
56	947	953	1251	1566	
57	58	
58	167	947	953	
61	62	
63	64	
65	945	1187	1393	
68	69	951	1182	1183	
69	70	458	951	1349	
69	71	945	1434	
72	951	1184	1185	1500	
73	206	945	
73	383	951	1184	1185	
74	207	945	
75	173	951	1182	1183	
76	366	783	
76	256	353	452	458	951	1330	
77	261	951	1182	1183	
78	259	945	951	1187	
78	764	931	945	951	1349	
79	945	1445	1464	
80	281	284	945	
80	353	458	951	1330	1596	1618	
81	
83	84	
83	614	793	945	951	
85	86	
85	399	458	1274	1349	1564	
85	416	793	1291	
85	793	945	951	1564	
87	88	
87	417	793	1293	
89	90	
89	418	793	1295	
89	793	945	951	958	
91	92	
92	947	953	963	1281	
93	399	458	1224	1282	1349	
93	793	945	951	1224	
94	947	953	1226	1283	
95	793	945	951	1227	
96	947	953	1229	1285	
97	399	458	614	1289	1349	
97	415	796	1289	
97	614	796	945	951	
100	947	953	1292	1566	
101	417	796	1293	
102	947	953	1294	1569	
103	399	458	958	1295	1349	
103	796	945	951	958	
104	394	1066	1296	
104	947	953	960	1296	
105	106	
105	399	458	961	1297	1349	
105	419	796	1297	
105	796	945	951	961	
106	947	953	963	1298	
107	399	458	1224	1299	1349	
107	420	796	1299	
109	110	
109	399	458	1227	1301	1349	
110	947	953	1229	1302	
111	143	528	951	1393	
112	951	1184	1185	1434	
113	951	1182	1183	1508	
114	205	528	945	951	
117	616	947	1249	
118	789	1393	
118	274	945	
119	395	945	
119	121	951	953	
119	945	1107	
120	121	
122	789	1393	
125	951	1003	1182	1183	
126	951	1184	1185	1268	
127	128	951	953	1182	1183	
127	128	951	1182	1183	
127	128	947	953	1522	1525	
128	528	633	951	1233	1349	
129	687	1330	1629	
129	130	
129	342	586	1330	
129	644	995	1330	
130	299	789	
131	264	1393	
131	989	
131	901	951	1182	1183	
132	133	
132	898	945	951	961	
133	947	963	1257	
134	898	945	951	958	
135	947	960	1255	
137	648	764	945	951	1182	1183	1330	
138	240	945	951	1330	
139	140	945	
139	945	1132	
141	691	951	1184	1185	
143	531	764	1346	
143	1187	1508	
144	145	
145	947	1229	1261	
146	898	945	951	1224	
148	152	364	396	951	
148	153	1213	
149	151	364	396	951	
149	152	1213	
149	152	353	458	945	951	1182	1183	1330	
150	151	1213	
150	151	353	458	945	951	1182	1183	1330	
153	225	528	951	
154	241	353	458	951	
155	945	1288	
155	353	458	901	951	
158	159	
158	898	945	951	1567	
160	161	
161	947	1251	1566	
162	342	458	661	
163	
166	167	
168	170	951	1182	1183	
172	585	947	1332	
173	174	353	458	951	
176	951	1184	1185	1442	
177	178	
179	467	945	
180	459	945	
180	290	951	1182	1183	
181	945	1479	
182	630	945	951	1182	1183	1213	
182	184	951	953	
183	
183	184	
185	945	1480	
187	945	1478	
188	597	945	
189	612	945	
190	214	951	1184	1185	
191	215	951	1184	1185	
192	945	991	
193	217	951	1182	1183	
194	218	951	1184	1185	
195	219	951	1184	1185	
195	277	951	1581	1583	
196	945	1220	
196	220	951	1182	1183	
197	945	1527	
197	221	951	1184	1185	
198	945	1528	
199	223	951	1182	1183	
200	945	1529	
201	203	951	953	
202	
204	226	951	1182	1183	
205	789	1015	
206	368	881	1641	
208	277	491	528	951	1074	
209	277	490	528	951	1074	
212	303	531	1222	
214	277	528	598	951	1074	
215	277	528	951	1074	1221	
216	303	464	531	
218	277	468	528	951	1074	
219	277	528	613	951	1074	
220	303	531	998	
222	277	528	951	1074	1266	
223	303	531	1334	
225	244	1233	1349	
227	353	458	901	951	
227	228	951	1182	1183	
233	368	881	1474	
233	236	945	951	1182	1183	
233	235	951	953	
233	853	881	945	
233	528	881	951	
234	235	
234	
239	240	353	458	951	
240	367	764	945	951	1182	1183	
242	299	1393	
243	
243	250	377	399	458	528	578	691	945	951	1349	1575	
244	508	1393	
245	246	
248	250	353	458	951	
249	368	881	1052	
251	455	951	1184	1185	1330	
252	693	945	951	1182	1183	
252	951	1182	1183	1237	
253	353	458	951	1335	
253	254	525	562	578	951	1349	
254	528	951	1267	
255	258	945	1330	
255	650	1412	
257	877	
260	353	367	458	951	956	1330	
261	951	1003	1182	1183	
261	951	1003	1184	1185	
262	263	
262	
265	
266	267	
266	270	353	458	951	
268	270	342	945	
268	397	951	1385	1456	
269	951	957	1117	1502	
269	951	1135	1182	1183	
272	634	843	
274	528	1184	1185	1418	
274	275	945	951	
276	377	528	531	951	1333	
277	399	458	1171	1349	1564	
277	399	458	958	1266	1349	
277	399	458	961	966	1349	
277	399	458	1223	1224	1349	
277	399	458	598	599	1349	
277	399	458	1221	1230	1349	
277	292	303	531	
277	1032	1057	1171	
277	1036	1058	1171	
277	945	951	1171	1564	
277	945	951	1497	1567	
277	945	951	958	1266	
277	945	951	961	966	
277	945	951	1221	1230	
277	292	340	528	951	1074	
277	531	1074	1081	
278	404	406	945	
278	353	458	951	1330	1597	1620	
281	402	406	945	
282	283	
283	403	408	947	
285	377	881	945	
288	764	928	945	951	
290	303	531	
292	528	951	1074	
293	336	945	1239	
293	295	1176	1178	
293	314	833	945	
293	510	1219	
293	306	879	945	
293	945	1582	1583	
294	295	
297	298	
299	303	531	951	1182	1183	
299	301	
299	705	1187	
299	708	762	763	945	951	1213	1450	
299	457	887	
299	887	1508	
300	301	
300	
302	303	412	531	
303	510	531	945	951	1219	
303	311	531	832	951	
303	318	531	859	
303	428	531	1404	
303	531	764	1393	
303	337	531	1434	
303	531	951	1175	1456	
305	319	353	458	
305	306	951	1184	1185	1330	
306	336	368	881	
307	308	
308	947	953	1607	1623	
309	310	
309	
312	313	
312	
313	947	953	1591	1623	
314	325	945	1041	
315	402	409	945	
315	406	411	945	
316	
321	324	353	458	951	
322	323	
322	
325	327	1288	1393	
326	327	
331	
334	335	364	396	
337	339	
338	339	
338	
342	945	951	995	1187	
342	344	951	953	
342	345	945	1409	
342	399	1349	1371	
342	399	945	1401	
343	344	
345	945	951	1021	1187	
345	353	399	458	951	
345	399	945	1330	
346	
347	401	947	1332	
348	349	353	458	951	
348	458	480	951	1352	
349	360	931	951	1349	
350	360	915	951	1407	
350	352	353	458	945	951	1330	
350	458	483	951	1352	
351	352	951	953	
353	399	458	
353	399	844	931	
353	399	1006	1028	
353	377	379	458	945	951	1330	
353	413	945	951	
353	414	458	945	951	
353	430	432	458	945	951	1330	
353	444	446	458	945	951	1330	
353	448	450	458	945	951	1330	
353	458	945	951	1330	
353	458	472	474	945	951	1330	
353	458	483	485	945	951	1330	
353	458	486	528	951	1187	
353	458	487	489	945	951	1330	
353	458	502	504	945	951	1330	
353	458	505	507	945	951	1330	
353	458	535	537	945	951	1330	
353	458	552	554	945	951	1330	
353	458	559	560	945	951	1330	
353	458	566	568	945	951	1330	
353	458	563	565	945	951	1330	
353	458	575	577	945	951	1330	
353	458	578	580	945	951	1330	
353	458	604	605	
353	458	531	661	951	
353	458	684	687	951	
353	458	734	736	945	951	1330	
353	458	740	742	945	951	1330	
353	458	746	748	945	951	1330	
353	458	755	757	945	951	1330	
353	458	714	725	951	
353	458	790	792	945	951	1330	
353	458	796	798	945	951	1330	
353	458	802	804	945	951	1330	
353	458	809	814	951	
353	458	857	881	951	1330	1385	
353	354	910	951	
353	458	859	861	945	951	1330	
353	458	873	881	951	1187	1330	
353	458	893	895	945	951	1330	
353	458	898	904	951	
353	458	928	934	951	1330	1456	
353	458	951	972	1325	
353	356	951	981	1057	
353	356	951	972	981	
353	458	951	1100	1104	
353	458	715	770	951	
353	458	951	985	1326	
353	458	945	951	1007	1009	1330	
353	458	945	951	1052	1054	1330	
353	458	945	951	1058	1060	1330	
353	458	945	951	1087	1089	1330	
353	458	945	951	1090	1092	1330	
353	458	945	951	1083	1085	1330	
353	458	945	951	1124	1126	1330	
353	458	945	951	1121	1123	1330	
353	458	945	951	1117	1119	1330	
353	458	945	1179	1193	1330	1349	1371	
353	458	1605	1640	
353	458	590	595	
353	458	945	951	1190	1192	1330	
353	458	945	951	1248	1249	1330	
353	458	945	951	1250	1251	1330	
353	458	945	951	1258	1259	1330	
353	458	945	951	1260	1261	1330	
353	458	945	951	1280	1281	1330	
353	458	945	951	1289	1290	1330	
353	458	945	951	1295	1296	1330	
353	458	945	951	1297	1298	1330	
353	458	945	951	1299	1300	1330	
353	458	945	951	1309	1310	1330	
353	458	945	951	1313	1314	1330	
353	458	945	951	1315	1316	1330	
353	458	945	951	1321	1323	1330	
353	458	1338	1344	
353	458	1349	1352	
353	458	945	951	1330	1367	1369	
353	458	945	951	1330	1364	1366	
353	458	945	951	1330	1385	1387	
353	458	951	1390	1391	
353	458	951	1271	1392	
353	458	951	1288	1393	
353	458	1371	1399	
353	458	951	1406	1419	
353	458	945	951	1330	1409	1411	
353	458	951	1441	1442	
353	458	945	951	1330	1456	1458	
353	458	531	1330	1464	1467	
353	458	945	951	1330	1475	1477	
353	458	945	951	1330	1453	1455	
353	458	945	951	1330	1488	1490	
353	458	679	951	1517	
353	458	1506	1507	
353	458	945	951	1330	1561	1563	
353	458	880	951	1330	1595	1596	
353	377	458	951	1330	1595	1597	
353	380	458	951	1330	1618	1619	
353	458	1605	1621	
353	458	951	1656	1661	
353	458	945	951	1330	1658	1660	
353	458	945	951	1330	1665	1667	
353	458	945	951	1330	1665	1667	
354	458	786	951	1349	
357	399	945	951	1401	
357	945	951	1182	1186	
358	359	951	952	
359	
361	363	436	438	
363	438	530	953	
364	396	538	951	1280	
364	396	540	951	1297	
364	396	951	957	1117	
365	632	
365	636	945	951	1349	
368	370	951	953	
368	881	945	951	1184	1185	1187	
368	528	951	1459	1507	
369	370	
369	
371	373	951	953	
372	
374	402	404	945	
374	380	945	
374	1388	1390	1393	
374	376	951	953	
374	945	1618	1620	
376	1167	1169	
376	947	1163	1170	
376	947	1156	1159	
377	1388	1390	1393	
377	384	399	458	1349	1536	
377	379	1176	1178	
378	379	
382	947	1158	1169	
382	947	1157	1168	
383	528	951	1393	
385	393	
387	388	
389	392	945	951	
393	715	
395	951	1182	1183	1484	
399	439	452	458	513	951	1349	
399	436	440	458	1349	1537	
399	444	452	458	873	881	945	951	1349	
399	444	452	458	951	1187	1349	
399	444	447	458	1349	1538	
399	458	578	582	1349	1540	
399	458	531	601	602	951	953	1349	
399	458	531	616	617	951	953	1349	
399	458	531	951	953	1349	1495	1566	
399	458	531	951	953	1349	1499	1569	
399	458	531	951	953	960	1334	1349	
399	458	531	951	953	1226	1349	1460	
399	458	531	951	953	994	998	1349	
399	458	844	951	1347	
399	458	881	885	1349	1542	
399	458	887	911	1349	1543	
399	458	973	978	1349	1544	
399	945	951	1182	1194	
399	458	658	951	1182	1187	1349	
399	458	531	1262	1317	1349	
399	458	1318	1324	1349	1549	
399	458	951	1371	1401	
399	458	945	1330	1429	1430	
399	458	1349	1434	1439	1552	
399	458	1349	1434	1438	1551	
399	458	531	1349	1426	1463	
399	458	1349	1508	1513	1553	
399	458	1349	1554	1557	1560	
400	401	
402	403	951	953	
403	405	1159	
404	405	951	953	
405	1161	1162	
407	408	
407	
412	508	873	881	951	1393	
425	427	951	953	
426	427	
428	839	951	1605	1608	
433	435	951	953	
436	439	783	
441	443	1288	1393	
444	452	945	1187	
445	446	
446	454	947	1189	
448	451	925	928	945	
449	450	
449	
452	479	486	951	1330	
452	951	999	1396	1397	
452	951	999	1150	1151	
452	783	951	999	1464	
452	454	951	953	
452	454	951	953	
452	454	951	953	
455	951	985	1184	1185	
458	718	762	951	1349	
458	951	1182	1194	1349	
458	951	1349	1434	1437	
460	552	555	840	
461	893	945	951	1182	1183	
462	786	1330	
465	466	945	951	1182	1183	
467	468	951	1182	1183	
467	468	951	1184	1185	
470	471	
473	474	
476	477	
479	635	945	951	
481	
484	485	951	953	
486	1246	1247	1330	
487	489	951	953	
490	951	1182	1183	1479	
490	951	1184	1185	1479	
491	1498	
492	604	945	1530	1531	
492	604	920	921	945	
493	562	951	1248	1349	
493	525	898	951	1303	
494	525	945	951	1256	
494	562	951	1256	1349	
494	525	898	951	1311	
494	525	951	1376	1434	
495	525	945	951	1254	
495	562	951	1254	1349	
495	525	898	951	1309	
495	525	951	1375	1434	
497	525	945	951	1258	
497	562	951	1258	1349	
497	525	951	1377	1434	
498	525	951	1374	1434	
499	562	951	1250	1349	
499	525	951	1373	1434	
500	637	951	1182	1183	
500	951	1182	1183	1213	1353	
501	509	951	1182	1183	1213	
501	630	951	1182	1183	
502	578	887	945	
504	883	930	947	
505	507	951	953	
505	790	898	945	951	
510	512	1464	1466	
514	525	951	1039	1063	
514	525	951	1040	1327	
519	947	953	1251	1292	
523	947	953	1259	1300	
524	906	1302	
525	556	945	1401	
525	583	844	931	951	
525	562	945	951	1349	
526	527	
526	
527	585	947	1332	
528	530	
528	691	789	951	1393	
528	945	951	956	
528	1075	1182	1183	1393	
528	1078	1182	1183	1393	
528	951	1137	1346	
528	951	1219	1393	
528	951	1242	1621	
528	691	945	951	1182	1183	1271	1329	1330	
528	951	1274	1373	
528	951	1280	1376	
528	951	1282	1377	
528	951	1284	1378	
528	886	945	951	1187	1633	
529	
531	599	602	945	951	
531	945	951	1224	1460	
531	945	951	1227	1236	
531	945	951	1222	1230	
531	985	1467	1470	
533	534	
533	
536	946	952	954	959	
542	545	718	719	726	951	
542	545	726	951	1405	1412	
543	544	951	953	
543	
546	547	951	953	
549	555	
550	551	951	953	
552	555	559	561	
552	554	951	953	
553	554	
553	
556	945	951	1187	1629	
556	558	951	953	
556	583	945	1409	
557	
564	565	
567	568	
567	
570	571	
571	953	1452	1493	1563	
573	574	
573	
575	945	948	1187	1393	
576	577	
578	580	
579	580	
581	945	957	1187	1393	
583	945	951	1187	1637	
584	585	
584	
586	644	945	951	1187	
586	591	945	1330	
592	593	
592	
595	647	945	951	1187	
597	602	718	719	
598	951	1182	1183	1498	
600	601	
600	
606	607	
606	
610	611	
613	951	1184	1185	1496	
618	844	920	921	945	
619	622	945	1330	
619	625	945	951	1349	
620	621	
620	
621	624	947	1332	
622	625	945	1352	
623	
626	629	1288	1393	
626	715	789	
627	628	
627	
629	725	789	
629	898	1396	1397	
630	951	980	1213	
631	951	1184	1185	1502	
631	679	684	1135	
635	1243	1396	1397	
635	1150	1151	1243	
635	783	1243	1464	
639	945	983	
641	644	945	1330	
642	643	
643	646	947	1332	
645	
651	919	1024	1349	
651	1024	
654	657	947	1150	1151	
656	
659	660	
659	
662	663	1396	1397	
664	665	927	930	
664	665	666	667	
666	667	1530	1531	
666	667	668	669	
676	678	951	1002	1040	
679	945	1330	1517	
679	682	945	951	1349	
680	
681	947	1332	1519	
683	945	1530	1531	1605	
683	920	921	945	1605	
684	690	945	951	1349	
684	687	945	1330	
685	686	
685	
687	689	951	953	
688	689	
690	759	760	945	1640	
693	715	789	1420	
693	715	789	1656	
695	698	953	1599	1627	
696	697	
696	
699	945	1011	
700	
702	726	749	762	763	951	
702	726	749	951	1405	1412	
703	730	750	
703	704	951	953	
705	793	898	945	951	
711	713	951	953	
712	
715	725	945	1330	
715	772	1288	1393	
715	833	873	881	
716	
716	717	
718	719	991	998	
718	719	1220	1222	
718	719	965	1334	
718	719	1235	1460	
718	719	951	1184	1185	
718	719	726	729	951	
718	719	726	743	746	951	
720	928	984	
720	887	942	945	1213	1422	
721	
726	728	951	953	
726	728	951	953	
726	728	
726	737	740	951	1405	1412	
726	743	746	951	1405	1412	
726	752	755	762	763	951	
726	752	755	951	1405	1412	
727	
727	728	
730	738	741	
730	731	
732	
735	736	951	953	
738	
738	739	951	953	
744	
744	745	951	953	
747	
750	
750	751	951	953	
753	
756	
762	763	951	1182	1183	
764	945	1584	1585	
765	
769	919	1024	1349	
769	945	967	1321	1349	
770	805	945	1461	
770	859	
771	772	
774	
776	805	945	1067	
777	870	
777	951	1107	1182	1183	
778	
778	779	
780	782	951	953	
781	782	
783	945	1078	
783	785	951	953	
783	785	951	953	
783	945	951	980	1238	
783	785	1464	1466	
784	
786	910	1330	
786	1090	1096	1330	
786	1087	1090	1330	
786	809	1608	1611	
797	
798	900	906	947	953	
799	898	945	951	1018	
800	801	
801	900	947	953	1020	
802	898	945	951	1434	
805	861	1288	1393	
808	858	951	1605	1608	
808	854	951	1605	1608	
810	
811	816	947	1332	
812	813	
814	859	945	1110	
814	816	951	953	
815	816	
816	861	947	1051	
817	819	951	953	
818	
820	822	951	953	
823	951	1182	1183	1484	
826	828	1288	1393	
830	831	
834	
836	
844	918	945	951	
844	931	945	951	1330	
844	945	1347	1349	
844	931	951	1621	1637	
847	850	
847	849	945	
848	850	951	1184	1185	
853	855	945	951	1184	1185	
858	951	1002	1605	1608	
859	1083	1090	1096	
859	1083	1087	1090	
859	945	1087	1090	
859	945	1086	1087	
859	945	1533	
860	861	
860	861	
861	864	947	953	1396	1397	
861	947	1535	
866	
866	867	
868	
870	872	951	953	
871	
871	872	
874	875	
875	883	947	1189	
877	885	951	1184	1185	1542	
878	879	951	1184	1185	1330	
880	881	
881	883	1176	1178	
886	907	951	1182	1183	
886	907	1396	1397	
886	907	1150	1151	
887	945	1364	1367	
887	945	1135	1434	1502	
887	889	951	953	
887	889	1176	1178	
888	889	
890	904	951	1182	1183	
890	892	
891	
894	895	
896	
896	897	
897	906	947	1332	
898	904	945	1330	
899	900	
901	903	951	953	
901	951	989	1182	1183	
901	945	1100	1103	
902	
902	903	
905	906	
907	909	951	953	
908	
914	1420	
915	951	1012	1184	1185	1187	
915	935	1349	1371	
915	931	945	951	1349	
917	924	947	1332	
920	921	951	1269	1270	1450	
922	931	945	1352	
922	935	1330	1400	
923	924	
925	928	951	1184	1185	
926	
928	934	945	1456	
929	930	
932	
935	945	951	1187	1645	
935	937	
936	937	
938	951	953	1396	1397	
938	951	953	1150	1151	
939	940	
942	945	1213	
942	945	1117	1124	
942	945	1187	1213	1388	1390	
942	951	1213	1216	
943	944	
944	947	1189	1215	1265	1287	
945	951	953	1213	1396	1397	
945	951	953	1213	1396	1397	
945	947	
945	951	979	1238	1464	
945	951	995	1182	1183	1645	
945	1330	1388	1389	
945	951	1012	1182	1183	1649	
945	995	1021	1409	
945	1117	1124	1530	1531	
945	1117	1121	1530	1531	
945	1100	1104	1330	
945	1187	1193	1194	
945	951	1186	1194	1401	
945	951	1186	1196	1401	
945	1179	1186	1187	
945	951	953	1150	1151	1197	1200	
945	1330	1649	1653	
945	951	1006	1028	1330	
945	951	1182	1183	1187	1197	
945	1295	1309	1330	
945	1297	1311	1330	
945	1299	1313	1330	
945	951	1330	1349	1352	
945	1213	1350	1351	
945	1360	1362	
945	951	1349	1360	1361	
945	1330	1382	1434	
945	948	951	1184	1185	1450	
945	1219	1485	
945	951	1150	1151	1520	1523	
945	1330	1532	1533	
945	1015	1187	1393	1557	
945	1015	1434	1557	
945	951	1182	1183	1592	1593	
945	951	1330	1598	1600	
945	982	1628	
945	1409	1645	1653	
946	
947	1158	1159	
947	1161	1163	
947	1150	1151	1199	1202	
947	953	1189	1199	1396	1397	
947	953	1150	1151	1189	1199	
947	1290	1304	1332	
947	1294	1308	1332	
947	1300	1314	1332	
947	1020	1134	1332	
947	1332	1510	1512	
948	950	
951	1593	1605	1624	1625	
951	953	1041	1043	
951	1171	1182	1183	1526	
951	1171	1184	1185	1526	
951	1182	1183	1223	1528	
951	1184	1185	1221	1527	
951	1182	1183	1405	1412	
951	957	1117	1138	
951	953	973	975	
951	953	985	987	
951	953	1007	1009	
951	953	1021	1023	
951	953	1021	1023	
951	953	1029	1031	
951	1047	1155	1182	1183	
951	1041	1182	1183	1393	
951	1064	1065	1581	1605	
951	953	1071	1073	
951	953	1075	1077	
951	953	1110	1112	
951	953	1110	1112	
951	953	1128	1130	
951	953	1138	1140	
951	1167	1587	1598	
951	1166	1167	1587	1598	
951	1150	1151	1182	1183	
951	953	1150	1151	1182	1183	
951	1182	1183	1396	1397	
951	1150	1151	1184	1185	
951	953	1176	1178	
951	953	1176	1178	
951	953	1197	1199	
951	953	1263	1265	
951	1269	1270	1450	1530	1531	
951	953	1318	1320	
951	1330	1428	1430	1438	
951	953	1434	1436	
951	953	1442	1444	
951	953	1182	1183	1184	1185	
951	953	1517	1519	
951	953	1557	1559	
951	953	1575	1577	
951	1184	1185	1588	1597	
951	953	1629	1631	
951	953	1629	1631	
951	953	1637	1639	
951	953	1641	1643	
951	953	1662	1664	
951	953	1658	1660	
951	953	1078	1080	
952	
952	953	
954	
959	
962	
962	963	
964	965	
986	
993	
995	997	
996	
996	997	
1008	
1013	
1019	
1019	1020	
1022	1023	
1026	
1026	1027	
1030	1031	
1041	1393	1396	1397	
1044	1393	1396	1397	
1045	
1050	
1053	1054	
1059	
1061	1062	
1068	
1068	1069	
1072	
1072	1073	
1078	1150	1151	1219	
1079	
1082	1085	1288	1393	
1084	
1091	
1097	
1097	1098	
1100	1102	1330	1332	
1100	1106	1288	1393	
1101	
1105	
1105	1106	
1108	1109	
1111	
1111	1112	
1115	
1115	1116	
1120	1135	1184	1185	
1122	
1125	
1125	1126	
1129	
1129	1130	
1133	
1136	1137	
1139	
1139	1140	
1142	
1142	1143	
1144	1146	1288	1393	
1145	
1173	
1176	1178	1335	1337	
1176	1178	1338	1340	
1176	1178	1364	1366	
1176	1178	1508	1510	
1177	1178	
1187	1393	1431	
1188	1189	
1190	1192	
1191	
1194	1196	
1195	
1198	
1198	1199	
1201	
1201	1202	
1203	1205	
1204	1205	
1208	
1208	1209	
1211	1212	
1213	1215	
1214	
1214	1215	
1225	
1228	1229	
1239	1241	1385	1387	
1240	1241	
1246	
1286	
1286	1287	
1288	1393	1423	1425	
1288	1330	1588	1589	
1330	1400	1645	1653	
1330	1400	1629	1637	
1331	
1331	1332	
1336	1337	
1338	1346	1464	1467	
1339	
1341	1343	
1354	1355	
1356	
1365	
1368	
1380	
1383	
1383	1384	
1394	
1400	1401	
1410	1411	
1414	1415	
1416	1417	
1424	1425	
1432	1433	
1432	
1454	
1457	
1457	1458	
1465	
1472	
1472	1473	
1486	
1486	1487	
1489	
1489	1490	
1492	
1494	1499	
1504	
1504	1505	
1511	
1515	
1515	1516	
1521	
1521	1522	
1524	
1534	
1534	1535	
1558	
1558	1559	
1562	
1562	1563	
1571	
1571	1572	
1573	1574	
1578	
1590	1591	
1594	1600	1619	1621	
1600	1601	
1606	
1606	1607	
1609	1610	
1611	1614	
1612	
1630	1631	
1638	
1638	1639	
1650	
1654	
1654	1655	
1659	1660	
1665	1667	
1666	
