5	1579	
9	237	
11	1171	
18	1548	
22	103	1104	526	1293	1181	868	
57	1120	
63	1543	
65	944	830	18	
66	1231	
64	232	947	500	
58	167	1281	170	
81	1230	
116	45	
146	1266	
144	1322	
85	1309	
89	978	
93	1514	
89	949	1336	1539	1618	1586	
93	829	1405	617	1224	854	
95	399	458	1227	1551	1349	
101	1417	
103	1603	
97	399	458	259	86	1112	
99	674	363	929	286	1489	
101	399	458	1293	231	696	
105	399	458	961	1297	113	
109	399	458	1338	622	4	
124	862	951	1182	552	
125	858	1084	252	1119	
125	951	1003	1250	1112	
166	1609	
171	1537	
177	1308	
190	945	1422	
200	945	140	
194	115	461	
197	1281	671	
167	347	947	1168	
178	924	947	1147	
181	208	951	1184	578	
185	209	575	1341	369	
200	224	951	1184	517	
194	218	951	602	866	
215	277	595	257	953	1234	
219	277	528	613	1170	1623	
210	277	528	951	1074	1536	
211	277	528	951	1386	963	
221	277	173	293	710	1235	
281	320	995	1550	1407	108	597	
282	991	
245	897	
278	280	353	458	945	951	1603	
279	991	
261	862	951	1184	805	
261	1394	1326	861	
277	399	458	1110	1148	1233	
277	399	152	1118	342	664	
277	399	698	497	122	1330	
277	61	912	419	15	363	
291	942	466	717	1514	1212	
22	1333	
233	236	1516	1391	958	653	
290	293	1308	1218	
290	303	1204	
296	803	425	570	
299	303	531	360	273	11	
300	1064	
349	360	931	951	30	
303	868	1087	979	1550	956	163	
307	1177	
309	1294	
312	1345	
314	315	353	1084	779	
1589	1600	172	940	
305	869	480	59	
951	899	234	718	21	
323	1325	113	621	
322	388	
328	330	1490	1131	
459	464	1411	322	
718	719	1220	912	
612	617	1616	255	
718	719	624	326	
718	719	965	1286	
718	643	1202	1282	
277	292	303	1109	
293	336	1383	1433	
333	928	
334	335	364	1141	
333	510	1415	
306	336	368	288	
293	1658	757	254	220	519	
338	1264	
337	894	
342	345	962	478	1244	
353	399	837	1522	
353	399	1006	1458	
396	397	87	1278	
345	347	239	707	
348	349	353	458	120	
350	360	1615	315	526	
350	352	353	458	945	1412	1579	
351	124	1661	554	
357	399	945	1169	484	
342	399	1349	1017	
399	603	1029	
76	429	428	
293	750	746	1484	
281	1253	1667	325	
283	403	408	838	
402	287	931	832	
374	402	404	717	
315	406	308	1101	
355	17	
361	945	1385	187	
406	408	951	129	
42	27	806	689	
55	277	1074	499	
44	277	966	870	
50	108	33	918	
48	277	1234	234	
305	306	951	910	437	277	
342	364	945	474	
0	1480	555	1356	
260	353	367	458	951	1259	1535	
256	1065	
368	528	1648	1619	1273	1625	
368	370	1290	968	
381	669	
284	642	
374	672	
374	232	57	35	
377	379	26	1415	
890	1029	51	1342	543	
293	1295	1468	1454	820	497	
293	299	578	183	1483	124	
945	951	1180	1325	813	501	
463	469	945	1537	1355	506	
389	392	1024	184	
389	391	951	1661	
390	3	
393	1135	
353	386	388	458	1137	1187	646	
859	1083	569	489	
859	1261	367	742	
321	324	353	458	1443	
276	396	418	1420	
240	367	764	1408	419	1081	1451	
342	399	945	834	
502	263	1196	970	
325	353	411	654	1447	1617	
412	675	1181	105	
412	508	873	881	151	625	
353	413	945	588	
425	408	
430	433	718	421	1437	1363	
353	430	432	80	1488	1065	298	
431	434	1373	
431	314	585	1186	
425	427	951	309	
426	175	
361	436	1320	550	
363	438	530	87	
436	1489	849	
399	238	79	1181	1457	1298	244	
399	436	440	458	1349	343	
436	438	310	1334	
437	1257	
174	441	945	712	
444	452	945	673	
446	81	395	755	
399	444	447	458	1349	757	
353	444	446	458	945	182	1658	
353	537	221	518	448	1144	713	
371	452	1206	749	
452	783	951	373	421	
452	942	885	1076	141	
452	783	1525	
368	452	881	566	
452	454	221	123	
452	454	951	551	
453	1366	
436	531	721	1607	560	
113	457	951	170	1336	
353	1358	855	150	1506	
458	1349	1361	741	
353	458	945	1391	287	532	
371	373	1098	174	
399	945	1269	1553	
465	466	945	951	1184	912	
293	756	200	1557	
469	16	52	1665	
470	449	
476	1452	
25	27	951	953	1115	887	
942	945	1480	
353	458	480	482	945	951	1559	
353	458	483	281	159	691	1637	
484	485	951	1001	
353	1286	1650	503	626	466	
353	458	1493	385	1138	1394	1124	
487	220	
493	525	945	951	725	
498	525	945	1284	531	
495	525	1407	1578	660	
497	525	945	951	1427	
154	241	353	132	1037	
364	1067	1400	1236	1096	
364	396	541	951	801	
353	928	1529	53	556	1372	1534	
505	507	43	1409	
229	508	780	
501	509	951	1182	1183	172	
510	512	1464	1496	
1059	1600	
518	947	1663	1255	1065	
519	947	953	1251	127	
520	30	1009	324	1648	
524	947	953	1604	1621	
520	906	1349	
522	1175	732	
523	906	613	
516	1541	
528	1366	
353	1274	611	1529	1223	1301	151	
532	534	951	307	
532	1520	
536	572	
542	545	726	762	1008	1412	
543	544	951	377	
542	544	951	1019	
543	13	798	
546	547	906	1653	
396	528	1516	1123	1380	635	
353	458	531	552	555	233	
549	1389	
552	29	1641	738	
353	458	531	765	746	254	
353	458	550	551	945	487	943	
552	554	631	1073	
550	551	552	1395	
556	945	951	1187	1126	
557	869	
353	458	531	559	561	1225	
353	458	559	560	945	951	1142	
559	560	722	996	
565	568	1142	1050	1208	
353	458	566	630	1341	1396	418	
353	458	563	565	945	951	590	
564	20	
563	933	
566	567	951	1460	
567	1264	
571	285	625	1506	259	
570	1462	
572	1061	1364	506	
578	326	1598	781	69	
293	1320	562	400	934	
230	987	225	1105	
353	458	578	580	1376	797	1306	
578	756	
945	951	953	159	934	74	
583	945	951	428	957	
556	583	945	1155	
525	583	844	931	576	
374	982	929	83	1527	715	
353	125	959	1155	
586	144	4	604	
1	1554	917	596	1528	
5	353	458	66	1422	
7	353	458	951	1113	
9	353	1484	925	524	
11	955	1180	613	230	
374	30	1341	1119	
65	945	1625	1257	
80	82	1640	1059	1172	995	1518	
493	562	1614	1330	1115	
499	562	951	1250	498	
498	99	792	1487	1204	
495	562	951	1254	1276	
494	562	1381	1350	1138	
596	764	951	256	
606	528	
608	690	945	951	1376	
610	794	
122	1033	439	586	307	
118	119	779	1053	1274	
115	693	827	581	176	
122	789	980	
353	458	716	1604	
620	944	
622	624	37	221	
627	1503	
626	101	
630	951	853	697	
353	458	631	638	1025	805	1061	
128	528	633	951	1146	616	
272	926	1202	
635	1243	1396	1182	
479	635	945	46	
500	310	1546	1090	1296	
237	273	638	555	
365	1517	
175	176	998	
642	620	
137	648	764	945	951	310	545	1630	
651	919	774	1035	
652	655	945	1150	626	
654	657	947	285	387	
656	1453	
653	165	
634	1012	1048	193	
365	636	945	951	1140	
659	1140	
130	299	98	
664	665	74	16	
112	951	1184	1185	445	
353	1457	59	314	
680	1241	
685	1348	
129	1035	1003	758	
688	1485	
141	691	951	1139	45	
528	691	1260	548	480	
951	953	71	1169	
1042	489	
252	693	945	536	268	1563	
613	951	1184	901	1425	
951	966	1182	1356	1480	
951	1182	705	815	1417	
951	1635	153	994	487	
951	1235	104	944	413	
951	1184	1185	1221	1627	
696	813	
537	697	689	414	1493	
694	341	422	1099	
695	551	1381	649	23	
192	1539	256	
199	945	1661	
118	274	1350	
277	966	1033	110	
70	399	1	697	1565	
71	19	479	24	
71	1202	1451	1147	910	
709	364	
711	906	1506	617	
715	770	1239	1013	
716	45	
531	599	602	945	1210	
531	1610	465	1237	1343	
531	945	951	102	1488	
531	945	951	1224	487	
531	945	313	1280	864	
531	1464	585	413	919	
399	458	531	601	602	951	953	392	
399	226	1459	672	1661	1456	433	637	
399	458	531	951	953	1229	105	192	
399	458	531	951	953	994	218	241	
399	458	531	853	1186	606	435	269	
718	588	226	95	926	
288	951	984	1182	36	
715	725	945	1350	
724	885	
353	1548	1444	58	1377	
726	748	1176	1599	
720	762	763	166	1498	1158	1667	894	
762	763	94	127	515	1294	940	134	
726	728	951	140	
727	486	
726	649	
353	925	1239	400	858	103	1301	412	
71	713	722	
718	719	726	737	932	1067	
737	739	951	1185	
353	458	740	742	945	951	31	
730	1529	1164	
741	742	951	58	
353	1271	1105	548	1379	513	420	
743	1467	50	657	
353	1090	237	946	626	1271	1389	
730	75	486	
747	748	951	11	
702	726	749	951	1405	1106	
750	114	943	395	
718	719	726	752	300	459	
726	752	1434	1249	1658	1510	
753	754	0	501	
752	902	717	1647	
353	458	755	757	945	1376	764	
756	757	951	543	
770	1462	1331	1350	
528	1539	400	1246	
0	1461	276	1619	1530	
762	656	1061	326	694	
762	763	951	1184	834	
764	766	231	1657	
783	1150	891	1653	
127	128	783	467	
353	382	1614	178	1460	
773	1052	
715	772	494	1369	
714	1114	816	1395	
781	301	
780	1399	1413	421	
783	785	339	986	
783	785	359	191	
784	832	
788	861	947	697	
677	682	786	1529	1632	
42	277	613	337	
55	277	898	985	
53	277	1574	1025	
46	1248	1526	44	
50	277	1151	261	
629	898	951	518	700	
629	898	1150	1202	
127	128	1026	877	
794	1008	
353	458	796	208	567	986	1479	
797	730	
353	458	802	804	1539	357	1059	
52	879	945	1163	
715	833	1386	1175	
805	859	673	1297	
805	807	1330	687	
806	1494	
812	385	
264	671	1521	
823	951	1182	1183	1087	
817	457	350	1586	
353	1631	662	161	1348	
813	1270	
814	859	1653	1051	
826	828	1182	160	
827	261	
829	296	909	253	
786	951	1349	1608	318	
814	816	1114	846	
833	835	1330	45	
833	1506	1184	1533	
836	955	
21	1059	595	464	285	633	
841	1071	
843	907	945	951	1182	303	
844	535	170	1598	1650	
849	915	945	1223	1172	
845	386	
715	181	1188	383	
853	1631	1464	171	246	669	
887	945	638	1442	1325	
862	571	780	1451	
786	910	1571	
865	867	951	1160	
866	203	
870	872	951	1373	
805	861	1288	836	
354	206	847	1171	489	
399	458	682	846	243	1620	
233	235	881	750	
873	881	701	1231	
875	883	947	843	
368	873	881	104	1167	696	
877	885	951	1184	373	1615	
881	883	175	1126	
890	1261	
113	303	531	36	
893	895	951	1562	
896	302	
353	244	40	1567	1349	1035	430	
898	900	1330	590	
901	903	1230	435	
626	904	951	1182	649	
528	887	1135	1182	1183	1187	792	
886	907	951	1230	24	
907	909	1176	231	
886	907	1396	300	
886	907	1648	1537	
904	890	
353	458	898	853	1323	
399	458	887	911	346	1002	
887	889	1071	770	
887	1071	881	779	
355	458	913	951	565	
353	1229	64	1502	732	
912	62	406	1631	
915	951	1012	241	1421	1287	
399	458	873	881	915	945	951	1349	411	
916	872	
274	353	458	686	1152	
507	792	900	1619	1103	
705	793	155	330	364	
707	795	900	1125	1263	
796	898	904	129	613	
798	900	906	947	647	
799	898	945	951	711	
801	900	947	953	1345	
769	1151	692	658	
928	934	945	1270	
926	164	
353	458	928	930	945	486	1571	
353	458	884	887	928	1611	1108	
365	1088	532	1079	1311	
399	458	743	324	1512	
935	1527	1285	711	623	
935	1258	398	1427	
829	581	
946	1655	
948	371	889	591	
948	922	
938	761	
180	449	1190	187	1039	
192	216	369	659	260	
196	166	1274	1209	422	
188	212	1424	798	222	
189	928	227	1552	25	
193	217	813	1034	1339	
199	1187	1549	221	1325	
225	1611	789	119	
528	945	951	603	
959	546	
964	1239	
353	458	1320	208	330	
353	356	951	1558	1378	
353	356	535	1032	222	
248	250	353	458	1068	
353	458	715	759	1341	
945	295	1152	1608	957	1253	
353	458	945	269	736	865	77	
951	953	1635	1157	
783	945	951	980	755	
945	982	819	622	
239	1170	968	872	327	
951	953	219	1373	
242	1271	1117	
201	203	587	1548	
131	1231	
901	951	989	1019	1142	
901	1050	239	788	727	
353	161	152	882	988	
531	639	1621	134	
293	1180	1134	756	
938	951	953	1396	572	
945	1330	517	1516	
996	1533	
995	918	
261	1160	1267	36	867	
114	205	528	945	679	
207	368	479	817	
768	803	1454	
1013	1266	
951	953	1015	1395	
951	1294	312	648	
1016	1038	
945	1237	1319	885	
1019	398	
941	945	951	1024	715	660	
168	170	993	1642	329	
169	206	303	531	698	1012	
353	458	945	951	1025	819	708	
1026	1146	
74	903	1186	429	772	
220	303	1353	877	
226	1556	467	721	
217	303	1513	1242	
223	303	850	655	
424	945	1037	1288	704	
174	528	951	1209	
814	859	581	252	
816	1632	1044	57	
285	377	286	195	
951	1041	1182	1183	377	
1041	1393	1396	4	
249	368	881	812	
353	458	945	951	1052	1375	326	
951	1007	242	1320	
928	977	1558	
353	458	945	951	1058	1060	1553	
56	900	947	953	1394	
30	795	947	953	1292	
31	795	947	747	630	
32	795	964	803	545	
34	795	947	953	1071	
37	798	947	455	691	
38	798	1137	1021	527	
40	810	1463	327	1112	
116	614	898	945	1161	
160	898	945	373	1089	
132	898	945	951	74	
146	1417	1587	1220	722	
144	1491	879	12	11	
93	1566	1128	1583	
95	421	571	625	
101	417	708	1507	
107	1049	1122	1392	
109	421	238	1587	
83	614	1356	394	768	
89	793	945	951	615	
91	793	371	1261	1310	
93	27	304	319	163	
95	793	945	1338	799	
97	614	796	945	1306	
99	371	648	1335	13	
103	796	945	951	686	
105	931	1061	1485	965	
109	796	945	951	827	
399	458	1067	1334	207	479	
353	458	945	951	1067	130	1593	
951	953	1071	317	
1072	759	
1044	1393	1279	1036	
1044	1150	1151	1636	
951	675	1223	1634	
1045	936	
303	320	1058	531	
353	458	1358	1617	1520	1531	1621	
353	458	293	330	184	802	453	
1094	1444	
1097	1584	
1082	594	667	213	
951	953	1455	101	
844	849	951	556	131	
715	438	
1100	1102	1090	1207	
1101	907	
777	1029	611	1090	994	
1103	1109	1524	1525	
901	945	668	55	
1100	977	721	272	
1105	1657	
1132	1572	1287	
140	531	543	387	294	1446	
277	531	1074	363	
376	947	368	117	
376	947	171	605	
947	361	1439	
947	1158	830	
947	387	288	
951	1078	1182	1183	318	
1078	1494	1630	43	
142	941	945	929	846	
142	154	779	
951	953	140	1608	
1111	1472	
396	458	945	1117	1330	466	
353	458	945	951	1114	914	1422	
1115	426	
942	945	1117	152	
942	945	1117	1163	
945	1117	1124	1530	1655	
945	383	600	1542	1406	
399	458	1117	1127	1311	1383	
353	458	945	951	540	1100	159	
1128	351	
629	1155	1453	
945	648	1123	1274	
1133	1228	
382	947	1158	944	
376	947	1159	3	
382	947	97	307	
947	1156	1061	
859	945	30	256	
405	1572	
403	532	
786	138	1439	1148	
786	1086	1087	78	
1139	912	
951	953	42	646	
945	1100	304	1123	
1145	331	
119	845	755	
951	953	1141	918	
514	580	305	876	1096	
514	525	951	1040	1615	
1148	1557	
353	458	535	607	1250	751	558	
0	177	343	1656	
1120	1135	178	933	
266	951	
287	720	942	945	318	119	
1172	198	
1180	603	
951	1150	1151	1182	44	
951	1593	185	1086	374	50	
951	953	920	102	1478	270	
127	152	1155	1577	1529	1146	
127	128	951	1182	424	
353	458	1092	391	618	
951	1017	998	607	1168	
951	1007	616	1073	1550	
945	1182	1184	114	
399	1428	912	664	961	14	611	
951	953	1167	133	
1177	753	
353	458	265	437	
353	712	1410	1365	
353	458	313	1069	
353	857	131	1264	
353	458	604	1125	
353	458	590	78	
1188	828	
1187	905	
951	1032	1167	613	
1191	547	
353	458	945	496	853	522	1608	
458	1641	1655	195	1077	
1194	1502	
945	951	1057	1475	1267	
1195	1611	
945	1179	550	736	
458	658	951	1193	247	
271	42	25	1007	1143	
528	1150	325	1386	966	1269	
1198	938	
947	1199	1202	1396	833	
945	951	953	1009	186	1207	709	
1201	609	
951	1184	949	868	560	1470	
1204	769	
684	1034	1168	1381	
947	1332	555	241	
947	1014	1468	647	
686	689	1598	750	
947	769	355	1423	
605	609	945	1618	
607	1117	469	225	
525	1418	572	884	
619	622	1490	984	
917	924	186	615	
353	458	945	951	450	
945	951	83	1353	1118	
640	647	65	1486	978	
844	931	945	1117	1108	
619	625	253	974	848	
641	1437	1587	95	758	
591	595	945	951	718	
399	458	945	17	884	
945	951	1349	1621	389	
622	625	948	1548	
922	931	832	1053	
947	953	1150	1151	1189	950	
537	953	33	13	147	
953	1044	304	1055	1277	
303	694	1462	340	
852	951	1211	641	389	
1214	519	
1213	431	
143	531	222	1403	
486	1568	461	559	1434	
1228	705	
1235	1409	
148	152	364	302	101	
149	676	531	682	284	
170	423	143	1189	
150	151	1573	
150	151	353	458	945	1654	329	1529	1108	
528	951	1242	120	
149	973	1221	
149	152	353	458	48	1001	112	954	996	
242	945	1441	
153	1541	787	917	
148	153	1438	
528	1537	536	588	
353	458	945	951	1239	1241	1456	
1244	440	
486	1246	1079	805	
368	528	951	1481	1008	
52	881	945	1369	501	869	
52	951	1184	1656	1290	
353	458	305	593	66	559	1160	
353	458	945	951	1260	434	194	
951	953	1263	488	
1264	1431	
2	1578	1088	612	
3	945	250	593	
4	947	1251	162	
6	947	1253	119	
7	945	1397	143	
8	892	814	787	
12	947	1259	1290	
13	945	1485	571	
1594	1600	325	368	
920	921	620	116	743	1078	
303	528	531	1182	1273	116	
942	1213	1271	3	
528	691	849	1103	1505	359	979	477	1033	
945	1055	761	1609	
353	458	945	951	1274	435	701	
353	458	945	951	1278	1279	1646	
353	458	945	681	568	102	963	
353	458	945	951	1282	240	530	
353	458	945	61	994	563	1099	
944	1379	33	1434	1036	1058	
252	1031	722	407	1184	
10	1531	1373	118	
14	701	824	1376	
353	808	1647	333	777	
303	531	764	1608	
353	458	945	951	1246	492	346	
353	458	24	1047	1019	184	1094	
353	458	945	951	885	505	580	
353	458	945	876	693	16	1508	
832	1070	
155	1404	
786	776	
353	458	1547	472	65	513	1628	
353	458	945	156	691	1184	465	
353	458	945	951	871	33	478	
353	458	945	60	58	1220	828	
945	904	178	1084	
947	1290	277	892	
945	1293	865	979	
945	1297	1311	114	
947	611	1082	698	
947	209	1490	1388	
945	322	1552	979	
947	266	1407	967	
493	1233	212	1661	808	
499	525	1472	638	1372	
494	525	898	1413	566	
353	458	945	951	488	1138	1373	
951	953	607	771	
951	953	1288	923	
1331	619	
353	1059	1217	737	1328	814	
117	616	1559	337	
135	947	960	1409	
133	947	1270	1252	
147	947	1226	1659	
84	616	947	953	586	
86	947	953	1275	1483	
92	947	1221	360	610	
100	947	953	1292	963	
104	947	286	1562	815	
108	947	953	1226	1599	
110	616	416	56	603	
43	616	907	727	211	
54	73	1143	882	803	
45	947	47	633	338	
28	616	504	236	439	
31	947	953	389	1479	
34	1635	820	432	235	
35	158	136	1289	431	
37	1574	860	784	244	
39	947	1286	915	78	
1099	1634	
255	258	945	985	
253	999	1251	435	25	
945	1240	875	1553	
945	951	1521	781	1097	
353	1379	132	1546	
1342	711	
1341	1180	
1176	1178	1338	41	
254	528	15	1491	
353	458	1074	487	1143	
1338	1150	966	1608	
353	1108	1593	1342	
1400	743	
253	88	178	1290	1112	975	1082	
945	1213	1350	914	
940	947	14	136	
1356	746	
353	367	674	508	852	364	
114	1215	
945	978	11	
76	256	353	452	458	541	1251	
945	951	1349	1360	1655	
353	1056	245	1623	251	1417	260	677	96	
1362	1403	
52	718	719	356	133	
399	458	1349	1364	990	932	
353	458	945	951	1330	1444	425	
399	113	159	289	163	
951	1584	124	526	
229	709	113	1655	
528	951	1274	771	
528	951	1276	1612	
528	951	1282	835	
228	1371	772	50	
1383	938	
945	1330	1382	317	
947	47	743	1043	
498	525	391	556	1330	
494	525	7	1515	1227	
497	525	951	1167	1468	
947	1336	1039	1658	
1386	1271	
342	345	970	418	
129	342	1155	480	
995	1021	950	374	
1330	1400	1645	998	
942	945	1187	1213	1388	546	
353	458	951	310	965	
353	458	641	349	1110	
945	1489	914	1479	
951	1150	1151	1117	47	
353	458	1277	891	
945	1330	710	1524	
1402	454	
1419	41	
353	458	857	1072	433	373	294	
1414	202	
353	1418	199	318	1521	
1416	37	
629	1048	264	
353	590	945	1530	656	
618	844	945	1230	1617	
683	945	1530	1359	119	
458	595	759	760	203	
562	745	677	502	702	
690	759	760	1329	427	
271	945	484	412	
914	125	
423	743	443	1518	657	1630	1573	181	
720	1482	153	465	963	665	
715	951	1182	1183	242	
1288	1393	1423	556	
79	945	1445	748	
951	1330	1428	1430	1385	
399	458	945	395	1538	691	
1187	1393	886	
399	498	223	1457	756	197	
951	1609	1101	356	
1435	500	
881	267	1553	924	
157	807	432	996	1369	
353	458	445	607	947	
1443	733	
1448	392	
1454	148	
368	881	1469	708	
286	303	531	129	660	
1457	883	
268	397	951	1385	107	
942	951	1213	309	
944	953	1136	166	
945	951	1182	105	1	344	
399	458	531	1349	1426	134	
157	945	1396	
951	1150	49	386	
783	1396	1397	895	
1472	1076	
1288	608	494	737	
491	1053	
693	464	960	89	
945	1150	523	
1464	1467	1188	1505	
1486	963	
289	368	528	0	580	1512	776	632	
1489	46	
1492	1664	
674	1381	
675	678	951	1242	1095	
674	677	1540	
353	1376	1647	939	90	
664	665	1278	372	
951	953	1064	1184	
951	953	170	15	
353	458	945	951	832	785	376	
113	804	188	770	644	
143	1187	1657	
945	1217	1633	1623	
951	953	1508	1667	
1515	1221	
243	250	377	399	458	528	578	1572	835	1397	805	594	
789	1401	639	978	
693	454	952	602	
127	128	945	780	206	1246	
1524	972	
631	13	1630	170	
353	458	951	1503	685	
353	458	1021	20	
138	250	951	1460	577	
162	518	1459	801	
951	1184	1185	363	54	
805	1165	978	1290	
945	1330	1532	91	
805	951	1532	1605	946	
205	552	146	1090	1522	
945	420	37	622	
205	789	80	
1558	1654	
131	901	951	1182	468	
353	458	945	951	1330	19	216	
1565	95	
1568	242	
353	458	367	832	349	1053	345	
1573	267	
246	944	1431	1080	1585	389	
947	573	1434	520	
1578	1281	
165	828	1511	1352	
951	953	1576	1179	
195	277	951	818	1254	
1589	601	
195	277	1582	356	
1288	1330	193	531	
311	951	1349	1164	1601	
951	1587	819	1250	110	
353	458	880	951	1330	1595	1448	
353	377	220	979	1632	1551	737	
945	951	717	946	444	
769	1024	1349	1584	
947	953	1171	336	872	
1600	1441	
1606	393	
528	1182	1183	1168	1013	
1616	1501	
788	947	198	1248	1591	
368	881	141	238	
869	947	1334	792	1058	
786	809	1608	735	
528	886	945	951	851	1016	
0	951	1502	1063	675	
281	1343	1377	179	1509	1606	1352	
374	699	536	99	
353	821	1293	594	
1622	1112	
137	368	881	1043	
1584	1600	953	1274	
945	1120	732	
528	617	1615	610	
1349	1371	1621	1241	
951	953	345	547	
951	953	367	1125	
1630	436	
1635	929	
1634	101	
389	169	56	1622	732	793	
951	953	456	667	
951	953	1637	935	
945	951	1065	1581	141	
353	458	945	951	1330	483	60	
206	377	1393	894	
1419	657	
951	914	213	559	
1646	1627	
1645	1305	
1650	559	
951	1158	749	1086	
353	458	951	213	1262	
951	953	1662	880	
353	458	945	951	1330	751	1355	
951	739	1081	1116	
1665	219	
510	665	260	838	
951	953	754	1593	
635	783	209	890	
