0	148	353	377	396	436	444	452	458	475	515	531	532	562	563	578	595	608	625	682	718	726	729	873	881	887	931	945	951	973	1007	1029	1034	1052	1067	1117	1128	1135	1141	1147	1169	1182	1184	1187	1278	1279	1280	1281	1318	1321	1330	1349	1364	1390	1412	1434	1440	1453	1502	1507	1508	1557	1575	1598	1640	1641	1665	
0	758	838	951	1502	
0	945	951	1120	
0	951	1502	1602	1603	
1	2	
1	353	458	951	1248	
3	4	
3	353	458	951	1250	
3	945	1250	1330	
5	6	
5	353	458	951	1252	
5	945	1252	1330	
6	947	1253	1332	
7	945	1254	1330	
9	945	1256	1330	
10	701	1062	1281	
11	12	
11	945	1258	1330	
13	14	
13	945	1260	1330	
14	947	1261	1332	
14	701	1062	1285	
18	20	
22	24	353	458	945	951	1330	
23	24	
23	
25	27	951	953	1067	1069	
26	27	
28	616	795	947	953	
28	616	947	953	1273	
29	947	953	1275	1566	
31	795	947	953	960	
31	947	953	960	1279	
32	947	953	963	1281	
34	947	953	1229	1285	
35	616	798	947	953	
36	798	947	953	1566	
36	947	953	1292	1566	
38	798	947	953	960	
39	947	953	963	1298	
40	798	947	953	1226	
41	798	947	953	1229	
41	947	953	1229	1302	
44	277	966	1256	
45	900	947	953	963	
46	277	1254	1266	
46	277	898	1266	
48	277	898	1234	
50	277	1223	1258	
51	947	953	1226	1259	
52	951	1184	1185	1364	
53	277	898	1497	
54	900	947	953	1569	
54	947	953	1253	1569	
55	277	898	1171	
56	900	947	953	1566	
57	
59	60	
59	
60	172	947	953	
61	
62	178	947	953	
63	
64	232	947	953	
65	67	951	953	
66	67	
66	
68	945	1000	1393	
70	399	702	951	1437	
71	702	945	951	
71	729	749	945	951	
71	729	734	
72	455	945	951	1393	
74	111	951	1184	1185	
77	125	951	1184	1185	
77	261	951	1184	1185	
79	80	
80	528	951	1067	
80	82	353	458	945	951	1330	
81	82	
83	399	458	614	1272	1349	
83	415	793	1289	
84	616	947	953	1273	
86	947	953	1275	1566	
87	399	458	1276	1349	1567	
87	793	945	951	1567	
88	947	953	1277	1569	
89	399	458	958	1278	1349	
90	394	1066	1279	
90	947	953	960	1279	
91	399	458	961	1280	1349	
91	419	793	1297	
91	793	945	951	961	
93	94	
93	420	793	1299	
95	96	
95	399	458	1227	1284	1349	
95	421	793	1301	
97	98	
98	616	947	953	1290	
99	100	
99	399	458	1291	1349	1564	
99	416	796	1291	
99	796	945	951	1564	
101	102	
101	399	458	1293	1349	1567	
101	796	945	951	1567	
103	104	
103	418	796	1295	
107	108	
107	796	945	951	1224	
108	947	953	1226	1300	
109	421	796	1301	
109	796	945	951	1227	
112	951	1184	1185	1431	
113	291	528	951	
113	457	951	1184	1185	
113	303	531	887	
114	1359	
115	693	945	1288	1330	
115	175	1330	
116	117	
116	614	898	945	951	
118	119	353	458	951	
120	
122	123	353	458	951	
123	820	945	
124	862	951	1182	1183	
124	862	951	1184	1185	
125	951	1003	1184	1185	
126	206	945	1135	1502	
127	128	652	655	945	
127	128	654	657	947	
127	128	783	1464	
127	128	629	898	
127	128	886	907	
127	128	938	951	953	
127	128	951	1184	1185	
127	128	945	951	1520	1523	
128	364	396	951	1150	
129	622	935	1330	
129	1330	1514	1517	
131	528	886	951	
134	135	
136	168	945	
136	169	945	
137	648	764	945	951	1213	1330	
137	368	881	1117	
138	240	353	458	
138	250	951	1349	1506	
140	531	945	951	1219	1346	
141	241	562	951	1349	
142	941	945	1182	1183	
142	154	525	
144	898	945	951	1227	
146	147	
147	947	1226	1259	
148	153	353	458	945	951	1182	1183	1330	
150	364	396	951	1397	
155	227	
156	907	945	1330	
157	1000	1393	1459	1507	
157	945	1463	
159	947	1253	1569	
160	898	945	951	1564	
163	164	
164	660	944	947	1189	1215	
165	528	1182	1183	1348	
165	368	881	1575	
166	
167	347	947	1332	
169	206	303	531	945	951	
170	249	528	951	
171	172	
171	
174	441	945	951	
174	528	951	1657	
175	176	945	
177	
178	924	947	1332	
179	340	951	1184	1185	
181	208	951	1184	1185	
185	209	951	1184	1185	
186	945	1481	
186	210	951	1184	1185	
187	211	951	1184	1185	
188	212	951	1182	1183	
189	213	951	1182	1183	
190	945	1496	
191	945	1498	
192	216	951	1182	1183	
193	945	965	
194	945	1501	
195	945	1526	
195	277	1582	1589	
198	222	951	1184	1185	
199	945	1235	
200	224	951	1184	1185	
201	637	945	951	1182	1183	1213	
202	203	
204	945	1494	
205	789	945	1434	1557	
206	377	1393	1641	
207	368	881	1007	
210	277	528	951	1074	1497	
211	277	528	951	966	1074	
213	303	531	602	
217	303	531	1495	
221	277	528	951	968	1074	
224	277	528	951	1074	1171	
226	303	531	617	
228	368	881	1382	
229	508	1330	
229	1288	1330	1441	
230	377	951	1447	
231	232	
231	
232	947	1332	1639	
233	235	881	883	
236	368	881	1385	
237	238	951	1393	
237	273	638	1349	
238	508	873	881	
242	945	1238	
245	
246	944	947	1189	1215	1574	
247	945	1329	1330	
251	353	452	458	
255	596	650	945	1330	
256	260	
257	945	951	1345	
258	259	951	1184	1185	
261	862	951	1184	1185	
261	263	951	953	
264	817	945	
264	865	945	
265	342	589	945	
267	648	945	
271	649	951	1179	1193	
271	945	1330	1407	
272	273	399	458	951	
274	353	458	862	951	
275	805	951	1184	1185	
276	396	398	594	
277	399	458	1349	1497	1567	
277	399	458	1227	1234	1349	
277	399	458	613	614	1349	
277	422	531	951	1269	
277	613	1032	1033	
277	966	1033	1036	
277	598	599	945	951	
277	613	614	945	951	
278	281	374	945	
278	280	353	458	945	951	1330	
278	410	411	945	
279	280	
279	
280	283	376	947	
280	405	408	947	
281	283	353	458	945	951	1330	
281	409	411	945	
281	353	458	951	1330	1597	1618	
282	
284	285	
286	303	531	951	1456	
287	720	942	945	1213	1557	
288	951	984	1182	1183	
289	
289	368	528	951	1213	1450	1464	1488	
290	293	296	303	
290	303	531	
291	942	945	1155	1187	1213	
293	341	353	458	
293	303	399	458	531	1349	
293	295	951	953	
293	299	945	951	1182	1183	
293	299	945	951	1184	1185	
293	303	464	469	
293	337	578	948	951	
293	303	992	998	
293	528	945	1393	1396	1397	
294	
296	298	951	953	
297	
299	711	951	1182	1183	
303	353	458	951	956	1081	1330	
303	319	531	881	951	
303	340	528	531	951	1074	
303	531	886	945	951	1078	
303	320	531	1083	
303	528	531	1182	1183	1393	
303	341	531	1330	
303	531	672	673	951	
304	951	1155	1184	1185	
307	
308	310	947	1332	
311	951	1349	1589	1640	
313	317	947	1332	
314	315	353	458	951	
314	317	1288	1393	
314	324	
315	404	410	945	
316	317	
321	328	1393	
323	324	1288	1393	
325	353	411	458	945	951	
326	
328	330	951	953	
329	330	
329	
331	332	
332	537	1586	1601	
333	334	
333	510	945	
333	945	1001	
342	364	945	1408	
342	345	1330	1400	
343	
345	347	951	953	
345	347	951	953	
346	347	
351	
353	458	531	1330	1338	1346	
353	423	458	951	1270	
353	380	382	458	945	951	1330	
353	374	380	458	951	1330	
353	385	386	458	951	
353	386	388	458	945	951	1330	
353	425	427	458	945	951	1330	
353	436	438	458	945	951	1330	
353	452	454	458	945	951	1330	
353	458	945	951	953	1330	
353	458	480	482	945	951	1330	
353	458	486	873	881	945	951	956	1330	
353	458	532	534	945	951	1330	
353	458	545	547	945	951	1330	
353	458	531	552	555	1330	
353	458	531	549	550	1330	
353	458	550	551	945	951	1330	
353	458	531	559	561	1330	
353	458	562	873	881	945	951	1330	1640	
353	458	578	580	945	951	1330	
353	458	492	525	
353	458	590	591	
353	458	528	594	671	951	1330	
353	458	618	619	
353	458	631	638	881	951	1330	
353	458	676	679	
353	458	691	692	951	
353	458	708	710	945	951	1330	
353	458	723	724	951	
353	458	726	728	945	951	1330	
353	458	510	729	733	945	951	1330	
353	458	729	731	945	951	1330	
353	458	749	751	945	951	1330	
353	458	773	776	951	
353	458	793	795	945	951	1330	
353	458	799	801	945	951	1330	
353	458	814	816	945	951	1330	
353	458	758	764	838	951	1330	
353	458	844	915	
353	458	873	875	945	951	1330	
353	458	878	881	
353	458	578	881	884	951	1330	
353	458	881	883	945	951	1330	
353	458	898	900	945	951	1330	
353	458	912	914	951	
353	458	915	922	951	
353	458	928	930	945	951	1330	
353	458	928	930	945	951	1330	
353	458	884	887	928	951	1330	
353	458	951	988	1327	
353	356	951	988	1325	
353	356	535	856	951	
353	458	805	859	951	
353	458	945	951	969	971	1330	
353	458	945	951	973	975	1330	
353	458	951	1012	1021	
353	458	945	951	1025	1027	1330	
353	458	945	951	1033	1035	1330	
353	458	945	951	1029	1031	1330	
353	458	945	951	1057	1062	1330	
353	458	945	951	1067	1069	1330	
353	458	945	951	1093	1095	1330	
353	458	945	951	1096	1098	1330	
353	458	945	951	1114	1116	1330	
353	458	945	951	1128	1130	1330	
353	458	945	951	1147	1149	1330	
353	458	945	951	1152	1154	1330	
353	458	951	1182	1184	
353	458	844	931	
353	458	492	562	
353	458	676	682	
353	458	618	625	
353	458	683	690	
353	458	604	608	
353	458	945	951	1190	1192	1330	
353	458	945	951	1330	
353	458	945	951	1239	1241	1330	
353	458	945	951	1252	1253	1330	
353	458	945	951	1254	1255	1330	
353	458	945	951	1256	1257	1330	
353	458	945	951	1272	1273	1330	
353	458	945	951	1274	1275	1330	
353	458	945	951	1276	1277	1330	
353	458	945	951	1278	1279	1330	
353	458	945	951	1282	1283	1330	
353	458	945	951	1284	1285	1330	
353	458	715	725	951	
353	458	951	1482	1483	
353	458	945	951	1291	1292	1330	
353	458	945	951	1293	1294	1330	
353	458	945	951	1301	1302	1330	
353	458	945	951	1303	1304	1330	
353	458	945	951	1305	1306	1330	
353	458	945	951	1307	1308	1330	
353	458	945	951	1311	1312	1330	
353	458	945	951	1330	1332	
353	458	528	1219	1288	
353	458	1330	1349	
353	458	838	887	951	1330	1358	
353	367	458	767	951	1330	
353	458	758	767	873	881	945	951	1330	
353	458	951	1388	1389	
353	458	951	1399	1400	
353	458	762	951	1412	
353	458	951	1401	1409	
353	458	951	1413	1414	
353	590	945	1530	1531	
353	590	920	921	945	
353	458	951	1063	1064	
353	458	945	951	1330	1503	1505	
353	458	945	951	1330	1508	1510	
353	458	951	1503	1506	
353	458	945	951	1330	1570	1572	
353	458	683	684	
353	458	945	951	1330	1641	1643	
353	458	951	1657	1662	
355	356	
355	458	913	951	1349	
361	945	1385	1634	
361	436	528	951	
362	363	
362	
364	396	539	951	1284	
364	396	541	951	1301	
364	396	670	951	1628	
365	764	931	945	951	
366	699	873	881	951	1363	
368	528	531	1182	1183	1467	
368	377	881	1393	
368	452	881	1219	
368	873	881	951	1184	1185	
368	881	976	1011	
368	528	1001	1184	1185	
368	881	1237	1329	
368	881	1318	1328	
368	881	1445	1446	
368	881	1469	1471	
368	673	674	881	
368	881	1603	1604	
371	452	528	951	
371	399	458	951	1268	1335	1349	
372	373	
374	377	
374	409	410	945	
374	718	719	945	1187	1393	
375	376	
375	
376	403	405	947	
376	1166	1170	
376	947	1162	1169	
376	947	1165	1167	
376	947	1160	1165	
376	947	1159	1164	
376	947	1159	1160	
377	379	951	953	
377	379	951	953	
378	
381	382	
381	
382	1167	1168	
382	947	1164	1167	
387	
389	391	951	953	
389	528	942	945	1213	1632	
390	391	
390	
392	528	945	951	1187	1633	
396	397	528	951	
396	465	589	671	951	1117	1421	
396	528	548	589	1117	1351	
396	458	945	1117	1330	1349	
399	603	783	
399	452	456	458	1349	1539	
399	945	1269	1330	
399	458	531	951	953	963	964	1349	
399	458	531	951	953	1229	1236	1349	
399	458	531	951	953	1222	1232	1349	
399	458	873	876	1349	1541	
399	458	873	881	915	945	951	1349	1649	
399	458	851	931	951	
399	458	1007	1010	1349	1545	
399	458	1052	1055	1349	1546	
399	458	1067	1070	1349	1547	
399	458	1117	1127	1349	1548	
399	458	945	951	1349	
399	478	945	951	
399	458	945	951	1288	1330	1393	
399	458	1349	1364	1370	1550	
399	458	1349	1555	1575	1580	
399	458	1349	1556	1641	1644	
400	
403	1156	
405	1160	
406	408	951	953	
412	1349	1359	1371	
423	458	844	931	945	1330	1349	1453	
424	1418	
424	945	1037	1288	1330	
425	1406	
425	427	951	953	
426	
429	805	945	990	
430	433	718	719	726	951	
430	433	726	762	763	951	
430	433	726	951	1405	1412	
431	434	730	
431	432	951	953	
431	
434	435	951	953	
434	
436	438	1239	1241	
436	438	951	953	
436	531	951	1462	1467	
437	438	
437	
442	443	
442	
444	446	951	953	
445	
452	603	844	931	951	1012	1330	
452	942	951	999	1213	
452	783	1187	
452	454	951	953	
453	454	
453	
458	478	1349	
458	945	951	1028	1187	
458	1349	1361	1371	
458	658	951	1193	1349	
458	661	951	1267	1349	
458	595	759	760	945	
459	464	718	719	
461	893	945	951	1184	1185	
462	910	
462	910	
463	469	945	951	1182	1183	
463	472	762	763	945	951	1213	1450	
465	466	945	951	1184	1185	
469	471	951	953	
470	
473	
475	477	951	953	
475	477	1176	1178	
476	
481	482	951	953	
484	
486	513	951	1239	1330	
487	489	
488	489	
488	
492	562	945	951	1330	
493	525	945	951	1248	
493	525	951	1372	1434	
496	525	945	951	1260	
496	562	951	1260	1349	
496	525	898	951	1315	
496	525	951	1378	1434	
497	525	898	951	1313	
498	525	945	951	1252	
498	562	951	1252	1349	
498	525	898	951	1307	
499	525	945	951	1250	
499	525	898	951	1305	
503	504	
503	
506	507	
506	
507	792	900	947	953	
508	1348	
508	1000	
508	1000	
510	512	951	953	
511	512	
511	
514	562	1038	1349	
514	525	951	1033	1039	
515	517	951	953	
516	517	
516	
518	947	953	1249	1290	
518	906	1290	
519	906	1292	
520	947	953	1253	1294	
520	906	1294	
521	947	953	1255	1296	
521	906	1296	
522	947	953	1257	1298	
522	906	1298	
523	906	1300	
524	947	953	1261	1302	
525	583	945	1330	
528	548	945	951	1213	1351	
528	572	951	956	1187	
528	766	951	953	1396	1397	
528	766	951	953	1150	1151	
528	764	938	951	
528	887	1135	1182	1183	1187	1502	
528	1078	1184	1185	1393	
528	951	1193	1349	1371	1398	
528	951	1239	1385	
528	945	951	1219	1288	1330	
528	945	951	1328	1348	
528	951	1272	1372	
528	951	1276	1374	
528	951	1278	1375	
528	945	951	1187	1462	1471	
528	1182	1183	1604	1615	
528	548	951	1628	
529	530	
531	614	617	945	951	
531	945	951	1495	1564	
531	945	951	1499	1567	
531	945	951	958	1334	
531	945	951	961	964	
531	945	951	992	998	
531	633	1426	
531	1330	1344	1346	
531	945	1446	1467	1500	
532	534	951	953	
532	534	
536	537	
536	
537	697	698	953	1599	
537	953	1209	1210	1599	
542	545	726	762	763	951	
542	544	951	953	
543	546	730	
546	
550	551	552	554	
552	554	840	842	
555	561	945	
557	558	
559	560	951	953	
562	608	759	760	945	
563	565	
564	
565	568	947	953	1215	
566	567	951	952	
569	951	1450	1491	1561	
569	951	1113	1393	1491	
570	
572	574	951	953	
576	
578	945	948	1187	1393	
578	581	951	1464	1470	
579	
583	585	951	953	
583	585	951	953	
586	588	951	953	
587	588	
587	
588	593	947	1332	
591	595	945	951	1349	
596	764	951	1418	
598	951	1184	1185	1498	
605	609	945	1330	
605	608	945	951	1349	
607	611	947	1332	
608	690	945	951	1187	
609	687	945	951	1187	
609	611	951	953	
610	
612	617	718	719	
613	951	1182	1183	1496	
615	616	
615	
618	844	945	1530	1531	
622	624	951	953	
623	624	
625	759	760	931	945	
626	628	
626	904	951	1182	1183	
629	723	1048	
629	898	951	1184	1185	
629	898	1150	1151	
629	1155	1330	
629	945	999	1330	1398	
629	1048	1413	
629	789	1483	
629	789	
634	636	945	1330	
637	951	979	1213	
639	957	1408	
640	647	945	951	1330	
641	647	945	951	1349	
642	
644	646	951	953	
645	646	
651	941	945	951	1182	1183	
652	655	945	1150	1151	
653	654	
653	
656	657	
662	663	1150	1151	
668	669	927	930	
670	951	1182	1183	1427	
672	676	951	1625	1626	
674	675	
674	677	945	
675	678	951	1184	1185	
677	682	786	951	1349	
680	681	
686	689	947	1332	
688	
694	953	1599	1627	
694	695	953	1599	1627	
700	701	
702	718	719	726	749	951	
702	704	951	953	
703	
705	707	951	953	
706	707	
706	
707	795	900	947	953	
709	710	
709	
712	713	
714	772	1288	1393	
715	770	945	1330	
715	717	1330	1332	
715	833	945	1187	
715	951	1144	1182	1183	
715	1100	
715	805	
715	951	1182	1183	1423	
718	719	1494	1495	
718	719	951	1182	1183	
718	719	726	737	740	951	
718	719	726	752	755	951	
720	722	
720	762	763	945	951	1152	1213	1450	
721	722	
724	780	
726	951	1321	1350	
726	737	740	762	763	951	
726	743	746	762	763	951	
726	951	1427	1440	
728	731	947	953	1215	
730	
730	744	747	
730	753	756	
732	733	951	953	
735	
737	739	951	953	
741	
741	742	951	953	
743	745	951	953	
747	748	951	953	
752	754	951	953	
753	754	951	953	
756	757	951	953	
759	760	951	1184	1185	
762	763	843	945	951	1025	1213	1450	
762	763	886	945	951	1213	1450	1475	
762	763	951	1184	1185	
764	766	951	953	
764	766	
765	766	
768	945	1012	
769	1024	1233	1349	
769	1024	1349	1598	
771	
773	1379	
773	775	951	953	
774	775	
777	779	951	953	
781	
783	1150	1151	1464	
783	1350	1351	1464	
783	1396	1397	1464	
784	785	
786	951	1349	1608	1640	
786	1086	1087	1330	
786	805	
787	
787	788	
788	861	947	1332	
788	947	953	1610	1623	
789	1401	1420	1656	
791	
791	792	
794	
794	795	
796	898	904	945	951	
797	798	
800	
803	
803	804	
804	900	947	953	1436	
805	859	945	1330	
805	807	1330	1332	
805	859	945	1532	
805	951	1532	1605	1608	
806	
806	807	
810	811	
811	947	953	1613	1623	
812	
813	816	
814	859	945	1049	
815	
818	819	
821	
821	822	
823	825	951	953	
824	
824	825	
826	951	1182	1183	1482	
827	
827	828	
829	831	951	953	
829	1484	
830	
832	833	
833	835	1330	1332	
833	837	1288	1393	
834	835	
836	837	
839	852	951	1605	1614	
841	
841	842	
843	907	945	951	1182	1183	
844	849	945	951	1104	
844	849	951	1099	1330	
845	
845	846	
846	933	947	953	1332	
849	915	945	951	1099	
851	945	951	1330	1347	
852	951	1211	1605	1608	
854	856	951	1605	1608	
855	857	942	945	1187	1213	
859	1083	1093	1096	
859	1083	1086	1087	
859	861	951	953	
859	945	1083	1093	
859	945	1093	1096	
859	945	1090	1096	
860	
862	864	951	953	
863	
863	864	
865	867	951	953	
868	869	
869	872	947	1332	
869	947	953	1617	1623	
873	881	945	1187	
873	881	945	1349	1358	1371	
874	
881	883	951	953	
881	945	1464	1468	
882	
882	883	
886	907	951	1184	1185	
886	1001	1464	
887	889	951	953	
888	
891	892	
893	895	951	953	
894	
898	900	1330	1332	
899	
901	951	989	1184	1185	
904	906	
905	
907	909	1176	1178	
908	909	
912	913	945	1330	
915	922	945	1330	
916	
916	917	
920	921	925	928	
922	924	951	953	
923	
926	927	
928	945	951	1041	1056	
928	1056	1155	
929	
931	945	951	1187	1652	
932	933	
935	937	951	953	
936	
938	940	
939	
940	947	1332	1357	
941	945	951	1024	1182	1183	
942	945	1117	1121	
942	1213	1271	1390	
942	945	1530	1531	
943	
944	953	1215	1218	
945	951	1182	1183	1262	1263	
945	951	1184	1185	1338	1341	
945	951	953	1150	1151	1213	
945	951	1041	1155	
945	951	973	977	1182	1183	
945	976	977	1330	
945	982	1187	1345	
945	1037	1038	1330	
945	951	1044	1048	1182	1183	
945	1018	1131	1330	
945	1182	1184	1330	
945	951	1172	1182	1183	1203	
945	951	953	1197	1200	1396	1397	
945	1012	1021	1330	
945	1330	1621	1637	
945	951	1330	1648	1652	
945	951	1349	1649	1652	
945	951	1349	1621	1640	
945	951	1012	1028	1349	
945	1271	1330	1392	
945	1289	1303	1330	
945	1291	1305	1330	
945	1293	1307	1330	
945	1301	1315	1330	
945	951	1330	1349	
945	1330	1390	1391	
945	1330	1401	1409	
945	951	1182	1183	1468	1469	
945	951	1182	1183	1464	1474	
945	951	1184	1185	1464	1474	
945	951	1330	1506	1507	
945	1326	1330	1508	
945	951	1182	1183	1608	1615	
945	1409	1629	1637	
945	951	1065	1581	1621	
945	951	1182	1183	1632	1645	
946	947	
946	952	955	959	1061	
947	1160	1162	
947	1165	1169	
947	1156	1157	
947	1164	1168	
947	1199	1202	1396	1397	
947	1332	1651	1655	
947	1014	1023	1332	
947	1332	1623	1639	
947	1292	1306	1332	
947	1296	1310	1332	
947	1298	1312	1332	
947	1302	1316	1332	
947	1332	1384	1436	
947	1332	1403	1411	
947	953	1150	1151	1522	1525	
947	1332	1577	1579	
947	953	1332	1599	1601	
948	951	1213	1453	
949	
949	950	
951	953	1431	1433	
951	1182	1183	1480	1497	
951	1184	1185	1480	1497	
951	1182	1183	1266	1529	
951	1184	1185	1266	1529	
951	966	1182	1183	1481	
951	966	1184	1185	1481	
951	1184	1185	1223	1528	
951	1182	1183	1234	1478	
951	1184	1185	1234	1478	
951	968	1182	1183	1501	
951	968	1184	1185	1501	
951	1182	1183	1221	1527	
951	1184	1185	1405	1412	
951	953	992	994	
951	953	969	971	
951	953	1003	1005	
951	953	1015	1017	
951	953	1015	1017	
951	953	1029	1031	
951	953	1049	1051	
951	953	1049	1051	
951	953	1052	1054	
951	953	1067	1069	
951	953	1067	1069	
951	953	1044	1046	
951	953	1078	1080	
951	953	1078	1080	
951	1078	1182	1183	1219	
951	953	1141	1143	
951	953	1141	1143	
951	953	1182	1183	1396	1397	
951	1184	1185	1396	1397	
951	953	1176	1178	
951	953	1190	1192	
951	1182	1183	1200	1203	1213	
951	1184	1185	1200	1203	1213	
951	953	1243	1245	
951	1182	1183	1271	1390	
951	953	1330	1332	
951	953	1353	1355	
951	953	1364	1366	
951	953	1379	1381	
951	953	1385	1387	
951	953	1393	1395	
951	1213	1216	1396	1397	
951	1150	1151	1213	1216	
951	953	1415	1417	
951	953	1464	1466	
951	953	1464	1466	
951	953	1464	1466	
951	953	1517	1519	
951	953	1508	1510	
951	953	1508	1510	
951	953	1514	1516	
951	1184	1185	1530	1531	
951	1587	1589	1594	1605	
951	1182	1183	1247	1633	
951	953	1637	1639	
951	953	1645	1647	
951	953	1653	1655	
951	953	1665	1667	
953	1206	1212	1599	
953	1206	1207	1212	1599	
953	1207	1210	1212	1599	
955	
959	960	
970	
970	971	
974	
974	975	
983	
986	987	
993	994	
995	1012	1349	1371	
995	1021	1330	1400	
1004	
1004	1005	
1008	1009	
1013	1014	
1016	
1016	1017	
1018	1020	1176	1178	
1022	
1030	
1034	
1034	1035	
1042	1043	
1042	
1044	1150	1151	1393	
1045	1046	
1050	1051	
1053	
1059	1060	
1061	
1071	1662	
1076	
1076	1077	
1078	1219	1396	1397	
1079	1080	
1084	1085	
1088	
1088	1089	
1091	1092	
1094	
1094	1095	
1099	1100	
1101	1102	
1103	1109	1288	1393	
1108	
1118	
1118	1119	
1122	1123	
1128	1130	
1132	1393	1464	
1133	1134	
1136	1467	
1141	1143	
1145	1146	
1148	
1148	1149	
1153	
1153	1154	
1172	1174	
1173	1174	
1176	1178	1434	1436	
1177	
1179	1181	
1180	
1180	1181	
1182	1183	1184	1185	
1187	1189	
1187	1393	1434	
1188	
1191	1192	
1195	1196	
1197	1199	1200	1202	
1204	
1217	
1217	1218	
1225	1226	
1228	
1231	
1231	1232	
1235	1236	
1240	
1242	1243	1349	1371	
1244	
1244	1245	
1264	
1264	1265	
1288	1393	1461	1473	
1288	1393	1532	1535	
1319	
1319	1320	
1322	
1322	1323	
1336	
1339	1340	
1342	
1342	1343	
1349	1371	1621	1629	
1349	1371	1645	1649	
1354	
1356	1357	
1362	1363	
1365	1366	
1368	1369	
1380	1381	
1386	
1386	1387	
1394	1395	
1401	1418	
1402	
1402	1403	
1410	
1416	
1418	1656	
1419	1656	
1419	1657	
1424	
1435	
1435	1436	
1443	
1443	1444	
1447	1449	
1448	
1448	1449	
1451	
1451	1452	
1454	1455	
1464	1466	1485	1487	
1465	1466	
1476	
1476	1477	
1492	1493	
1509	
1509	1510	
1511	1512	
1518	
1518	1519	
1524	1525	
1565	
1565	1566	
1568	
1568	1569	
1573	
1576	
1576	1577	
1578	1579	
1584	1600	1602	1605	
1585	1586	
1589	1600	1621	1624	
1589	1592	
1590	
1608	1611	
1609	
1612	1613	
1616	
1616	1617	
1622	
1622	1623	
1626	1627	
1630	
1634	1636	
1635	
1635	1636	
1642	
1642	1643	
1645	1647	
1646	
1646	1647	
1650	1651	
1658	1661	
1659	
1663	
1663	1664	
1666	1667	
