1	31	
3	1059	
7	295	
13	247	
16	365	
15	834	
19	343	
23	1540	
59	916	
61	1618	
60	172	947	1197	
62	178	1544	920	
160	1084	
158	1326	
134	516	
132	1569	
83	668	
87	534	
91	776	
95	1428	
83	399	458	614	1272	1553	
85	399	458	1304	566	968	
87	612	84	496	484	1553	
91	540	821	848	811	27	
97	336	
99	374	
105	590	
107	28	
109	1447	
103	399	1434	915	950	654	
107	399	458	1224	1299	563	
124	1453	110	1116	1441	
138	240	945	1137	1640	
163	140	
191	945	469	
181	615	1300	
195	298	1012	
185	945	1334	
186	945	430	
198	1186	354	
187	945	316	
179	638	501	
182	630	945	951	1182	1183	454	
201	637	945	951	467	802	666	
173	622	1004	375	700	
232	207	336	945	
172	585	70	1124	
191	215	1611	654	335	
190	214	951	1554	720	
195	219	951	104	691	
186	210	951	735	1037	
198	222	951	53	1544	
187	211	951	1034	417	
179	733	1509	1530	916	
197	1284	1666	184	891	
214	277	682	430	342	504	
208	277	491	528	1325	376	
209	277	484	881	195	941	
224	277	528	761	165	1277	
222	516	9	1662	513	1030	
218	277	468	528	951	68	
231	1452	
164	660	944	947	1189	328	
247	945	1329	737	
278	281	374	544	
280	259	847	1374	
262	480	
265	342	36	512	
424	168	
277	399	458	1349	1497	1383	
277	399	458	958	1539	998	
277	399	458	1223	1407	615	
277	399	458	598	599	671	
277	399	458	1221	1230	1250	
672	440	576	557	1614	
24	836	
429	1454	1308	291	
233	368	152	855	
233	93	1167	1424	
234	284	
297	286	
299	77	
302	303	412	714	
353	458	531	1330	1338	631	
308	310	1455	1286	
313	317	212	1394	
314	317	1288	235	
316	768	
303	319	830	585	862	
111	143	957	227	1360	
293	341	349	673	
383	528	1617	1633	
314	325	245	579	
325	327	1296	1450	
326	966	
329	378	
321	28	761	
718	719	1349	204	
597	602	362	691	
331	345	
333	945	285	
277	422	674	1215	1116	
293	295	1571	400	
293	295	1176	489	
294	423	
345	945	400	464	1224	
237	238	47	493	
238	508	873	581	
342	344	951	486	
343	1509	
353	399	1644	
458	478	1612	
345	353	399	458	113	
342	856	1442	1365	
345	347	1266	1576	
346	879	
353	423	458	1489	603	
452	603	1603	198	38	1366	552	
315	695	1473	912	
278	184	1429	7	
280	415	1298	805	
376	32	187	145	
315	1074	708	1356	
404	405	671	1296	
362	843	
53	277	1252	426	
46	277	1661	377	
358	359	951	731	
369	694	
374	975	191	
353	380	382	458	945	951	153	
353	374	380	1260	769	1450	
368	228	1272	1300	
377	1070	517	796	
377	641	288	1243	127	1662	
353	721	1384	621	1293	629	10	
377	379	951	728	
378	417	
299	711	951	1182	1113	
945	951	1552	143	51	902	
353	385	944	1183	7	
385	834	
392	528	945	1293	745	1312	
387	1001	
90	394	606	803	
104	394	712	1416	
304	951	218	772	1233	
15	516	533	1313	1232	
119	575	1014	
281	77	336	1390	
278	747	1222	1254	
374	409	410	945	
859	1083	1087	1616	
859	1083	809	532	
314	806	
128	364	396	951	1208	
887	945	1387	931	
400	1184	
407	856	
113	657	1442	752	
276	377	528	518	1164	717	
353	111	834	581	47	
258	259	644	1104	450	
430	630	1375	535	700	1218	
430	433	726	951	1397	499	
434	435	951	1586	
433	1009	207	285	
353	425	1474	710	916	722	1651	
425	427	195	599	
361	363	436	264	
436	438	1239	1101	
353	436	438	458	945	453	1401	
251	1502	759	1545	66	1443	
441	781	375	166	
442	208	
399	444	452	458	873	881	945	951	69	
399	8	780	983	1131	16	718	
444	1397	113	209	
445	1580	
449	1023	
452	436	1620	1412	42	
251	353	1035	1558	
452	951	999	595	1586	
452	951	593	1245	114	
399	452	456	458	789	644	
353	452	454	613	173	228	533	
452	454	951	669	
448	451	925	1560	1575	
458	325	304	633	1371	
372	1469	
461	893	1003	521	1090	754	
461	893	122	908	1001	768	
465	466	945	951	450	85	
396	1016	1146	578	63	1618	791	
353	458	472	474	945	349	537	
473	173	
475	1282	846	677	
475	1426	326	990	
348	458	217	551	296	
481	482	951	1398	
350	458	483	951	38	
353	458	1357	1126	214	1381	562	24	386	
487	1079	473	1373	
488	619	
499	34	1284	808	917	
494	1440	458	1568	1627	
496	461	697	1570	943	
364	475	737	757	236	
364	396	539	951	537	
353	458	502	504	945	951	1139	
503	1182	
506	984	
508	1567	
244	758	808	
293	510	1273	
511	1417	
521	947	953	1201	108	
522	947	953	1257	383	
523	310	24	1460	1536	
518	1365	865	
519	906	611	
521	906	803	
524	906	96	
515	517	951	836	
525	556	945	455	
526	384	
529	740	
533	1536	
353	392	676	1018	1150	1583	1527	
542	545	718	540	11	255	
542	545	726	951	680	1435	
353	458	1559	113	1502	946	71	
528	548	945	951	1213	503	
460	552	303	1119	
555	561	64	
550	1519	1219	1277	
353	458	3	1245	1238	300	1215	
552	554	396	1337	
553	585	
303	1610	203	1304	1307	208	
556	558	677	1520	
353	458	562	873	175	26	1572	150	514	
569	951	1450	1491	1188	
528	572	376	1384	1542	
573	1257	
575	876	712	945	1358	
353	458	575	577	945	951	296	
576	794	
581	945	957	1270	1174	
399	458	578	1146	538	35	
353	458	578	580	945	1111	523	
579	30	
945	951	953	179	929	1070	
945	951	1325	493	1334	498	
583	585	1624	525	
583	585	951	1095	
584	951	
353	458	492	156	
353	458	1225	1193	
586	644	945	1280	1079	
587	1522	
3	353	458	951	1532	
13	353	458	951	695	
375	921	
592	861	
80	528	277	784	
79	1056	
26	1172	
497	562	951	370	44	
496	562	951	1260	803	
595	647	898	1569	1268	
353	876	1122	352	481	1400	36	
600	1412	
609	687	945	951	341	
609	611	1240	857	
615	1111	
119	121	951	599	
120	169	
623	452	
73	206	971	
74	1376	704	
626	1092	655	1355	
68	69	1182	712	892	
69	70	458	951	553	
69	71	1359	73	
501	630	951	1182	119	
72	951	671	402	621	
72	455	945	951	1555	
631	951	769	1230	1621	
635	1150	932	417	
78	259	945	951	60	
639	790	1277	
115	175	1650	
644	646	951	541	
645	295	
77	922	555	1194	1375	
77	261	951	1182	1266	
77	1298	543	1632	905	
137	648	764	1432	969	1388	643	
651	941	945	574	865	1200	
150	364	396	625	805	
127	128	652	1635	566	
127	128	654	657	317	
75	173	709	134	1127	
353	458	604	1296	296	
126	951	1184	1400	1403	
662	663	1016	1019	
662	663	1597	183	
666	667	637	211	
668	669	927	820	
951	953	24	554	
1432	1466	
353	458	734	676	1203	
687	689	951	1408	
684	690	945	1278	144	
353	458	691	38	852	
598	485	1368	1664	1295	
598	951	1184	1185	1581	
613	951	1182	1183	1348	
490	951	1182	455	1307	
490	951	1559	1218	773	
951	1171	1182	1572	743	
951	1171	1184	1185	758	
951	1182	1183	1480	1195	
951	1184	463	916	114	
951	1182	1183	983	897	
951	1184	1185	72	1037	
951	966	188	557	776	
951	13	832	467	348	
951	1182	469	1606	1577	
951	1184	1185	293	670	
467	316	830	494	95	
467	468	545	915	383	
951	1182	1183	243	703	
694	695	111	1546	276	
1626	873	
180	459	305	
196	945	75	
188	1013	1271	
189	612	865	
204	945	835	
193	1465	1623	
118	789	715	
277	613	1032	690	
277	1032	548	1320	
277	1316	221	1307	
700	482	
155	945	292	
299	705	499	
705	707	951	258	
706	1327	
353	458	708	973	954	1001	981	
712	607	
0	148	353	377	396	436	444	452	458	475	515	531	532	562	563	578	595	608	625	682	718	726	729	873	881	887	931	945	951	973	1007	1029	1034	1052	1067	1117	1128	1135	1141	1147	1169	1182	1184	1187	1278	690	460	754	1063	1345	1092	240	913	1363	9	1165	572	45	664	1455	1066	1330	122	1536	33	71	1467	
626	715	1454	
715	756	191	192	
277	598	599	400	1030	
277	613	1117	672	130	
277	945	1289	219	464	
277	945	951	401	1332	
277	945	951	758	540	
277	945	1659	418	1584	
277	945	85	347	187	
531	945	951	1499	1160	
531	945	951	958	748	
531	1336	31	781	489	
531	945	951	1230	901	
399	458	531	616	617	36	1105	175	
399	458	531	951	343	1218	734	1464	
399	458	531	731	1253	1426	75	219	
399	458	531	951	953	960	542	98	
399	458	1153	46	1390	586	121	318	
718	719	951	1182	1629	
721	731	
720	733	
720	567	632	
629	498	900	
629	723	1024	
528	766	951	953	1396	642	
528	766	951	562	1330	1565	
762	763	843	945	747	210	1	991	
299	708	762	763	945	951	1213	1383	
463	1628	256	486	1353	1284	1345	1450	
353	458	726	728	945	577	818	
726	869	915	1133	
732	733	951	834	
353	458	734	736	1175	1237	270	
735	736	951	918	
726	737	740	390	1313	299	
726	1574	596	1418	215	781	
738	739	951	764	
718	719	10	523	13	
730	1108	
718	719	985	675	1168	1268	
726	1050	784	1379	337	1468	
726	743	746	951	1405	1146	
744	745	445	761	
702	718	784	154	589	581	
702	726	749	762	176	354	
353	458	749	1430	87	1120	910	
703	1651	1578	
703	911	365	283	
702	704	951	675	
726	752	755	364	80	247	
730	1273	230	
728	731	947	631	850	
759	169	369	1510	1192	
951	1184	141	132	1058	
951	1182	1183	1405	1324	
458	718	762	951	342	
765	1216	
764	492	
776	805	529	490	
353	458	773	1635	1036	
773	775	1170	373	
774	1272	
777	1280	1530	1302	
778	487	
771	947	
0	748	172	930	918	
783	428	176	
303	311	570	121	1280	
787	1232	
257	945	
897	906	604	658	
44	277	898	1114	
48	742	464	1542	
353	458	790	849	1403	1408	549	
791	1119	
629	898	284	326	
353	458	793	795	945	979	288	
353	458	799	801	945	1595	1028	
800	72	
803	1652	
898	904	395	551	
878	1276	548	1385	499	1655	
275	1450	80	229	691	
811	980	804	61	
810	1122	
123	1610	727	
823	825	951	656	
824	85	
820	822	257	436	
821	1224	
818	407	
808	858	951	706	1331	
830	1656	
353	484	393	962	611	1372	1329	
815	762	
834	115	
0	452	50	1017	1599	
353	458	758	1394	1328	1018	677	
847	559	
399	181	1410	1049	176	
233	795	1632	1493	
855	857	942	945	1187	58	
353	458	857	881	1577	429	503	
353	458	844	610	
462	777	
303	318	1386	810	
861	864	947	933	69	626	
863	80	
462	1485	1572	
131	264	940	
264	865	1047	
353	354	910	788	
858	951	155	1012	1065	
808	854	951	1511	464	
854	856	951	1605	114	
868	422	
871	1415	
353	458	316	356	274	242	507	
859	923	652	1206	
860	436	
860	197	
462	1414	
353	458	873	881	177	1351	789	
353	458	873	875	945	1400	162	
874	1555	
826	951	1182	1183	259	
353	458	346	657	
353	458	578	881	884	447	1466	
233	528	881	1114	
368	881	945	951	1042	974	233	
873	881	945	1349	1358	907	
880	1200	
399	458	1345	1025	331	1282	
353	458	881	876	857	1441	1525	
881	883	1469	1413	
882	868	
131	302	1277	1521	
891	594	
353	458	893	895	945	951	433	
894	137	
899	856	
902	945	
227	1578	907	629	410	
155	1329	670	465	1320	
886	907	1405	141	1463	
907	909	951	1107	
908	1579	
127	971	780	110	
905	1094	
928	945	435	862	1086	
945	1253	208	530	
888	193	
847	713	944	
274	528	1184	1185	828	
848	87	1252	1528	1517	
844	918	1516	692	
505	790	898	945	721	
802	898	947	323	527	
804	900	947	859	81	
920	921	411	30	
353	41	356	1210	1527	
922	711	1373	18	
923	862	
353	816	1187	1468	552	1073	1322	
925	1155	574	952	112	
504	215	489	76	
353	458	928	930	945	951	419	
929	170	
78	764	931	945	951	1491	
851	945	951	1381	1585	
931	945	951	815	682	
932	777	
915	540	592	1661	
936	1498	
935	1387	
777	1431	
869	707	252	1382	
943	1075	
945	959	
949	522	
939	1375	
204	226	437	45	428	
182	588	1135	325	
183	154	
364	931	1211	1076	1172	
951	696	271	11	
962	741	
769	945	967	1199	477	
353	458	951	109	105	
353	356	951	981	25	
353	1203	1441	524	854	
353	458	1191	1569	761	
353	458	1492	1479	1388	
951	35	1537	1626	
353	458	945	934	753	340	1335	
951	490	1514	956	
970	1087	
945	1094	757	506	
399	373	138	609	1150	1017	
974	961	
945	951	979	1238	915	
986	230	
272	273	399	458	1526	
637	951	979	1246	
202	858	
455	951	1370	1524	1368	
368	1179	923	1490	
945	951	995	1182	1183	1446	
993	952	
995	1012	643	1171	
938	775	1364	1453	486	
127	128	1356	1229	421	
952	264	
368	528	1001	1487	1177	
508	1315	
508	40	
68	945	707	147	
886	528	508	
261	951	1003	334	1437	
951	1527	1022	978	
1004	1161	
366	699	873	881	1524	1482	
699	501	1612	
399	458	1007	1010	1349	432	
353	1128	637	768	1423	598	648	
951	953	1007	658	
1008	1026	
945	951	1012	1182	1183	1313	
1018	1020	243	383	
353	458	951	46	415	
951	953	964	801	
951	618	1011	1553	
1022	981	
651	1591	
136	1045	1431	
136	169	655	
353	458	945	951	1033	1035	1310	
1034	592	
73	383	951	1019	1534	
277	292	501	552	895	854	
303	340	528	531	321	269	
290	897	1318	
216	303	25	1420	
212	303	317	816	
213	303	926	585	
514	165	816	1573	
945	1019	1198	1208	
353	458	945	951	1035	1288	1018	
951	1642	1346	1012	
951	953	905	225	
1030	804	
332	53	536	823	
80	1322	1514	680	
951	1047	1155	3	859	
945	825	547	811	970	1476	
15	951	473	678	675	
18	951	1048	1182	1356	
951	1604	352	230	
1050	1469	
951	953	1049	20	
399	458	1052	1055	79	631	
1053	1398	
536	946	952	954	616	
946	952	955	1642	1237	
353	361	718	1464	261	1346	1140	
1061	1360	
951	1064	1065	350	648	
43	616	900	947	416	
54	1290	169	1116	816	
47	900	947	953	530	
45	900	947	953	18	
51	900	947	953	1541	
49	900	36	688	3	
28	1493	1355	465	1065	
29	795	947	953	1657	
33	795	947	1	1111	
35	616	798	100	1396	
36	360	1398	1457	1500	
39	798	947	876	1205	
41	798	849	23	981	
158	34	441	419	768	
134	898	945	199	562	
83	415	1566	1052	
85	930	73	82	
87	417	831	1159	
89	729	1258	1374	
91	419	793	998	
97	415	796	1605	
99	416	1175	1538	
103	418	796	7	
105	419	1034	717	
85	793	945	951	457	
87	793	945	951	73	
101	796	1501	1385	232	
107	796	311	119	1374	
112	951	1184	838	1278	
25	528	269	1645	
951	953	1443	536	
951	953	1067	359	
1068	792	
1071	84	
715	951	1144	1063	675	
292	528	129	397	
528	1075	1182	1183	505	
951	953	1075	309	
1076	1450	
303	531	886	945	951	294	
353	458	945	1083	1040	909	1429	
1088	584	
1091	1062	
353	458	945	1284	1296	269	1154	
353	1545	210	572	510	579	950	
1084	761	
951	1639	445	1045	
1079	801	
1108	1578	
139	947	806	
569	335	1348	74	1637	
376	984	39	
382	1551	1215	
376	1166	996	
376	1296	74	756	
376	947	352	563	
376	947	752	1282	
947	1161	561	
1078	1219	1396	1070	
267	648	931	
528	1078	1182	1020	1407	
528	413	909	19	158	
951	953	1110	1089	
141	91	221	542	1665	
269	951	957	1200	524	
353	458	945	951	1124	1126	1252	
1125	796	
353	1629	235	761	949	991	205	
1122	933	
1118	1198	
951	953	165	555	
1129	1452	
353	458	463	903	907	978	285	
139	722	1570	
376	947	1156	407	
382	947	978	570	
947	39	561	
859	797	393	1099	
859	945	1090	781	
859	945	624	242	
859	945	210	306	
403	1504	1351	
405	112	292	
786	1090	850	1393	
528	951	1137	430	
1136	9	
951	953	1562	1581	
1136	203	
1141	193	
1144	1146	1040	1004	
1142	1039	
514	525	951	456	441	
353	458	945	951	1147	43	519	
126	206	945	302	227	
951	1167	1587	1446	
951	1166	1167	1587	1420	
1153	563	
268	1352	421	240	
269	951	1135	1105	374	
266	270	353	458	1084	
1173	678	
293	306	879	1476	
1179	1003	
399	945	418	1258	1480	
951	1182	1183	658	188	
357	945	1253	319	353	
127	128	951	1184	562	
1182	67	888	1120	
353	458	945	1179	1193	374	366	1624	
951	953	1176	908	
951	953	1012	1295	
353	1464	907	261	
353	186	57	1591	
945	951	1315	840	536	707	
353	458	1359	918	194	1126	358	
1190	283	
945	1187	542	1567	
945	951	1186	1194	836	
951	1151	478	904	
947	1150	1235	118	1583	
945	951	953	1150	600	1054	571	
1197	1199	372	1550	
951	1515	206	232	1479	878	
1203	382	
531	550	1014	
945	1330	720	239	
945	1012	1021	1657	
641	1420	715	171	
643	646	1491	359	
945	1330	1621	119	
527	585	947	951	
679	284	1503	1637	
681	947	1332	355	
586	991	714	974	
588	593	947	1462	
345	1045	625	1583	
347	1227	392	93	
621	640	1273	351	
915	922	587	353	
945	951	1330	225	1029	
846	1205	415	1093	145	
492	562	945	22	841	
945	1393	1470	504	961	
915	931	945	701	1430	
605	1033	1642	581	231	
525	562	742	369	529	
679	682	1532	186	874	
945	951	1012	1028	1467	
945	951	1182	1183	410	492	
947	953	1189	1558	510	971	
1208	59	
953	1206	645	852	
953	1206	1207	1212	284	
1211	230	
839	852	951	1605	1551	
428	946	925	139	3	
1217	384	
528	951	920	759	
1225	1024	
1231	1111	
769	1024	1233	305	
368	1483	1429	17	
148	153	353	458	945	951	1182	1574	125	
1240	1608	
951	953	1243	1234	
1242	1243	1266	1190	
353	458	945	899	1314	29	216	
353	458	945	951	636	749	1307	
353	458	1116	1091	1663	178	1323	
353	458	945	951	1256	509	349	
353	458	945	951	1258	1259	735	
399	458	531	1598	184	1007	
371	399	458	951	1268	1481	1592	
1	945	937	234	
5	724	1449	24	
9	945	1256	778	
10	425	40	39	
11	945	686	960	
14	947	1261	1420	
951	1269	1270	473	566	1035	
399	478	380	601	
951	1182	1183	361	1623	
353	458	945	951	1272	7	23	
353	458	945	951	1276	1277	6	
1286	1134	
353	458	715	725	741	
353	458	945	951	1291	1292	1436	
353	458	945	951	1297	991	1582	
353	458	713	1055	979	1616	449	
227	15	1557	1207	465	
715	23	
21	304	460	1208	
274	275	1212	1004	
156	907	945	1595	
353	458	945	951	1305	94	1584	
353	458	996	598	365	203	1116	
353	458	945	951	1311	626	509	
945	1291	1220	290	
947	1292	1306	268	
947	1294	1494	391	
945	1295	1309	756	
947	1296	437	988	
945	1299	340	332	
498	525	1200	766	850	
495	525	898	1461	745	
497	236	629	859	881	
496	525	898	951	749	
1322	1134	
368	881	715	1037	
399	458	1318	1324	1443	319	
1319	71	
947	357	843	1125	
161	1271	1497	1290	
159	1330	1004	1464	
145	658	1256	1230	
88	947	1200	520	834	
90	947	1353	1176	354	
94	947	953	1084	364	
96	947	953	1229	88	
98	616	295	1326	574	
102	116	542	987	799	
106	947	702	1294	347	
56	197	1131	306	1175	
47	947	953	960	401	
51	947	953	681	1128	
49	947	953	1229	989	
29	947	953	1275	856	
30	666	22	55	247	
32	363	277	360	1255	
33	947	953	1226	1461	
36	947	953	1240	1640	
38	564	62	589	710	
40	947	953	1226	65	
41	947	953	1229	981	
138	240	449	648	
1176	1178	1335	1103	
1336	1425	
293	528	945	1393	1050	1427	
1339	1662	
257	945	951	1500	
528	1656	540	85	1627	1056	
844	945	1573	1663	
353	458	1349	242	
129	275	
165	779	1344	1302	174	
528	945	951	1328	1547	
783	1350	1351	1387	
500	1460	802	572	739	797	
951	953	386	303	
1354	1199	
399	458	596	1402	173	1017	364	
353	458	838	887	1594	629	1401	
353	458	945	951	1659	806	1323	
1368	608	
951	953	502	919	
1176	1454	1385	155	
1365	831	
1380	413	
528	951	1396	1436	
528	951	836	1031	
528	1486	261	1287	
528	1407	870	449	
493	525	1380	689	1040	
499	525	711	1237	130	
495	525	1170	450	702	
496	1552	1562	1335	121	
531	1330	497	1328	
303	1259	1562	781	
458	661	951	551	53	
1239	1241	913	1492	
236	368	881	471	
353	458	945	951	1330	1385	600	
951	1632	1360	238	
922	935	170	312	
129	622	1365	244	
129	644	0	1133	
353	458	951	1123	368	
353	458	286	1471	1549	
1330	1400	1629	361	
951	408	1396	1663	
1394	686	
951	198	888	169	449	
629	1310	271	1371	1147	
353	458	951	1605	161	
947	1332	1403	1375	
353	458	762	615	1204	
255	596	650	1158	610	
255	93	1550	
353	1602	741	195	1072	
353	458	33	1531	763	
676	678	692	814	1255	
639	1630	221	
1410	472	
951	953	68	405	
353	590	238	21	851	
618	844	685	1544	1082	
492	604	1289	124	992	
492	604	1055	614	702	
683	920	921	1211	1367	
625	759	760	60	1382	
1418	162	
1401	275	
528	945	951	1187	364	182	
1424	334	
368	881	1445	2	
458	951	1370	451	130	
303	337	531	1036	
1187	1016	386	
399	458	1349	1434	1228	1222	
1176	529	382	1363	
288	881	387	113	1096	
945	951	1031	475	1213	1043	
670	1572	449	649	1021	
726	1532	526	1502	
176	1339	137	1213	1030	
578	581	590	1571	359	
951	953	1442	1309	
1447	52	
1451	714	
303	531	1398	887	527	
353	458	945	951	1330	729	291	
945	951	1184	1185	1464	1493	
951	953	1464	150	
951	1429	1451	894	
1465	92	
783	785	650	1183	
353	458	531	589	1294	897	
353	458	945	951	1330	1238	235	
1476	613	
945	948	951	1184	1185	418	
353	458	945	951	1330	1273	540	
395	727	19	532	397	
353	458	384	991	1065	1164	214	
1494	483	
945	951	230	1446	1352	
303	531	263	1470	1371	
368	673	1012	83	
666	988	1294	678	
629	789	401	
951	953	877	603	492	1411	
531	945	1446	1467	482	
942	945	1530	1536	
1518	705	
1504	418	
299	457	890	
299	1357	367	
1511	1115	
399	458	1349	1508	1513	1012	
353	458	945	122	724	744	252	
951	934	164	340	
1176	763	352	952	
1509	58	
951	953	946	1281	
945	951	449	368	1314	1250	
947	1214	571	846	12	663	
127	128	275	1328	338	1187	
1521	96	
353	506	111	715	480	
129	1330	1514	969	
629	412	
859	374	1370	
861	947	382	
1288	1393	1532	1222	
1534	912	
945	1015	1187	317	585	
399	458	1349	140	888	501	
951	953	135	385	
1562	906	
1571	318	
399	458	1467	877	441	419	
1576	869	
80	353	458	951	1330	1153	864	
308	947	953	1607	1266	
313	1345	605	263	1246	
1590	1053	
945	951	1182	1183	1592	1178	
951	1184	1185	1588	790	
1608	434	
1611	103	
811	947	457	358	1182	
1612	842	
945	951	1182	326	1104	217	
1609	1053	
353	380	458	951	1330	1618	1350	
293	945	1491	39	
1585	1333	
278	1521	583	813	1056	267	911	
764	613	1481	1571	
364	634	924	651	533	
951	1182	1183	975	976	
353	458	139	969	
945	374	1486	1182	
844	931	951	1430	1449	
1638	6	
206	368	881	269	
399	458	1349	1556	1654	341	
951	953	1641	550	
1642	1435	
945	951	1182	143	874	47	
1349	1371	1645	464	
945	1409	1645	99	
1654	1171	
1658	1318	
770	331	
353	458	951	1657	1101	
1663	329	
951	953	1658	1404	
1659	1407	
353	458	945	951	1330	1322	1028	
353	458	945	951	1330	80	1265	
1666	1425	
452	454	951	515	
887	889	951	1653	
377	485	147	1307	
