0	366	768	1502	8
0	761	951	1127	1502	8
0	764	945	951	1502	0
1	945	1248	1330	4
2	947	1249	1332	2
4	947	1251	1332	2
7	8	8
7	353	458	951	1254	1
8	947	1255	1332	2
9	10	8
9	353	458	951	1256	1
10	947	1257	1332	2
11	353	458	951	1258	1
12	947	1259	1332	2
13	353	458	951	1260	1
15	17	8
15	304	951	1182	1183	0
15	951	1047	1182	1183	0
16	17	8
16	8
18	951	1048	1182	1183	0
19	20	16
19	16
21	789	951	1182	1183	1330	0
21	227	353	458	1
22	1087	4
24	1089	16
25	528	951	1067	4
26	16
29	795	947	953	1566	8
30	795	947	953	1569	8
30	947	953	1277	1569	8
32	795	947	953	963	8
33	795	947	953	1226	8
33	947	953	1226	1283	8
34	795	947	953	1229	8
35	616	947	953	1290	4
37	798	947	953	1569	8
37	947	953	1294	1569	7
38	947	953	960	1296	4
39	798	947	953	963	8
40	947	953	1226	1300	2
42	277	613	1248	4
42	277	613	898	4
43	616	900	947	953	6
43	616	947	953	1249	5
44	277	898	966	4
45	947	953	963	1257	5
47	900	947	953	960	6
47	947	953	960	1255	5
48	277	1234	1260	14
49	900	947	953	1229	5
49	947	953	1229	1261	14
50	277	898	1223	4
51	900	947	953	1226	5
52	879	945	951	0
52	881	945	951	1182	1183	0
52	718	719	951	1364	4
53	277	1252	1497	8
55	277	1171	1250	5
56	947	953	1251	1566	7
57	58	16
58	167	947	953	16
61	62	16
63	64	16
65	945	1187	1393	0
68	69	951	1182	1183	0
69	70	458	951	1349	8
69	71	945	1434	8
72	951	1184	1185	1500	0
73	206	945	5
73	383	951	1184	1185	0
74	207	945	16
75	173	951	1182	1183	0
76	366	783	8
76	256	353	452	458	951	1330	0
77	261	951	1182	1183	0
78	259	945	951	1187	0
78	764	931	945	951	1349	0
79	945	1445	1464	8
80	281	284	945	10
80	353	458	951	1330	1596	1618	1
81	16
83	84	5
83	614	793	945	951	0
85	86	4
85	399	458	1274	1349	1564	1
85	416	793	1291	4
85	793	945	951	1564	4
87	88	16
87	417	793	1293	16
89	90	4
89	418	793	1295	4
89	793	945	951	958	4
91	92	9
92	947	953	963	1281	9
93	399	458	1224	1282	1349	1
93	793	945	951	1224	0
94	947	953	1226	1283	9
95	793	945	951	1227	0
96	947	953	1229	1285	17
97	399	458	614	1289	1349	1
97	415	796	1289	5
97	614	796	945	951	5
100	947	953	1292	1566	9
101	417	796	1293	9
102	947	953	1294	1569	7
103	399	458	958	1295	1349	1
103	796	945	951	958	5
104	394	1066	1296	9
104	947	953	960	1296	9
105	106	9
105	399	458	961	1297	1349	1
105	419	796	1297	9
105	796	945	951	961	0
106	947	953	963	1298	9
107	399	458	1224	1299	1349	1
107	420	796	1299	9
109	110	9
109	399	458	1227	1301	1349	1
110	947	953	1229	1302	9
111	143	528	951	1393	2
112	951	1184	1185	1434	0
113	951	1182	1183	1508	0
114	205	528	945	951	0
117	616	947	1249	5
118	789	1393	9
118	274	945	9
119	395	945	9
119	121	951	953	0
119	945	1107	9
120	121	17
122	789	1393	5
125	951	1003	1182	1183	0
126	951	1184	1185	1268	0
127	128	951	953	1182	1183	0
127	128	951	1182	1183	0
127	128	947	953	1522	1525	9
128	528	633	951	1233	1349	9
129	687	1330	1629	3
129	130	5
129	342	586	1330	5
129	644	995	1330	5
130	299	789	5
131	264	1393	9
131	989	9
131	901	951	1182	1183	0
132	133	9
132	898	945	951	961	0
133	947	963	1257	9
134	898	945	951	958	0
135	947	960	1255	5
137	648	764	945	951	1182	1183	1330	0
138	240	945	951	1330	0
139	140	945	9
139	945	1132	9
141	691	951	1184	1185	0
143	531	764	1346	2
143	1187	1508	2
144	145	9
145	947	1229	1261	14
146	898	945	951	1224	0
148	152	364	396	951	9
148	153	1213	9
149	151	364	396	951	9
149	152	1213	9
149	152	353	458	945	951	1182	1183	1330	0
150	151	1213	9
150	151	353	458	945	951	1182	1183	1330	0
153	225	528	951	9
154	241	353	458	951	1
155	945	1288	5
155	353	458	901	951	1
158	159	17
158	898	945	951	1567	0
160	161	9
161	947	1251	1566	7
162	342	458	661	1
163	17
166	167	17
168	170	951	1182	1183	0
172	585	947	1332	2
173	174	353	458	951	9
176	951	1184	1185	1442	0
177	178	17
179	467	945	9
180	459	945	9
180	290	951	1182	1183	0
181	945	1479	5
182	630	945	951	1182	1183	1213	0
182	184	951	953	0
183	17
183	184	17
185	945	1480	17
187	945	1478	17
188	597	945	9
189	612	945	17
190	214	951	1184	1185	0
191	215	951	1184	1185	0
192	945	991	9
193	217	951	1182	1183	0
194	218	951	1184	1185	0
195	219	951	1184	1185	0
195	277	951	1581	1583	15
196	945	1220	5
196	220	951	1182	1183	0
197	945	1527	10
197	221	951	1184	1185	0
198	945	1528	10
199	223	951	1182	1183	0
200	945	1529	17
201	203	951	953	17
202	17
204	226	951	1182	1183	0
205	789	1015	4
206	368	881	1641	4
208	277	491	528	951	1074	5
209	277	490	528	951	1074	2
212	303	531	1222	2
214	277	528	598	951	1074	10
215	277	528	951	1074	1221	10
216	303	464	531	2
218	277	468	528	951	1074	10
219	277	528	613	951	1074	4
220	303	531	998	2
222	277	528	951	1074	1266	5
223	303	531	1334	2
225	244	1233	1349	10
227	353	458	901	951	1
227	228	951	1182	1183	0
233	368	881	1474	4
233	236	945	951	1182	1183	0
233	235	951	953	0
233	853	881	945	5
233	528	881	951	5
234	235	18
234	18
239	240	353	458	951	10
240	367	764	945	951	1182	1183	0
242	299	1393	2
243	10
243	250	377	399	458	528	578	691	945	951	1349	1575	1
244	508	1393	2
245	246	18
248	250	353	458	951	10
249	368	881	1052	4
251	455	951	1184	1185	1330	0
252	693	945	951	1182	1183	0
252	951	1182	1183	1237	0
253	353	458	951	1335	1
253	254	525	562	578	951	1349	10
254	528	951	1267	10
255	258	945	1330	10
255	650	1412	10
257	877	18
260	353	367	458	951	956	1330	1
261	951	1003	1182	1183	0
261	951	1003	1184	1185	0
262	263	18
262	18
265	18
266	267	18
266	270	353	458	951	1
268	270	342	945	10
268	397	951	1385	1456	10
269	951	957	1117	1502	2
269	951	1135	1182	1183	0
272	634	843	18
274	528	1184	1185	1418	0
274	275	945	951	10
276	377	528	531	951	1333	2
277	399	458	1171	1349	1564	1
277	399	458	958	1266	1349	1
277	399	458	961	966	1349	1
277	399	458	1223	1224	1349	1
277	399	458	598	599	1349	1
277	399	458	1221	1230	1349	1
277	292	303	531	2
277	1032	1057	1171	13
277	1036	1058	1171	3
277	945	951	1171	1564	0
277	945	951	1497	1567	0
277	945	951	958	1266	0
277	945	951	961	966	0
277	945	951	1221	1230	0
277	292	340	528	951	1074	5
277	531	1074	1081	4
278	404	406	945	11
278	353	458	951	1330	1597	1620	1
281	402	406	945	11
282	283	18
283	403	408	947	18
285	377	881	945	5
288	764	928	945	951	0
290	303	531	2
292	528	951	1074	5
293	336	945	1239	10
293	295	1176	1178	2
293	314	833	945	10
293	510	1219	10
293	306	879	945	10
293	945	1582	1583	15
294	295	18
297	298	18
299	303	531	951	1182	1183	2
299	301	2
299	705	1187	2
299	708	762	763	945	951	1213	1450	6
299	457	887	2
299	887	1508	2
300	301	10
300	10
302	303	412	531	2
303	510	531	945	951	1219	2
303	311	531	832	951	2
303	318	531	859	2
303	428	531	1404	2
303	531	764	1393	2
303	337	531	1434	2
303	531	951	1175	1456	2
305	319	353	458	10
305	306	951	1184	1185	1330	0
306	336	368	881	4
307	308	18
308	947	953	1607	1623	31
309	310	18
309	18
312	313	18
312	18
313	947	953	1591	1623	31
314	325	945	1041	10
315	402	409	945	11
315	406	411	945	11
316	18
321	324	353	458	951	18
322	323	18
322	18
325	327	1288	1393	10
326	327	18
331	19
334	335	364	396	10
337	339	16
338	339	16
338	16
342	945	951	995	1187	0
342	344	951	953	0
342	345	945	1409	1
342	399	1349	1371	1
342	399	945	1401	1
343	344	19
345	945	951	1021	1187	0
345	353	399	458	951	1
345	399	945	1330	1
346	19
347	401	947	1332	19
348	349	353	458	951	10
348	458	480	951	1352	1
349	360	931	951	1349	1
350	360	915	951	1407	10
350	352	353	458	945	951	1330	0
350	458	483	951	1352	1
351	352	951	953	10
353	399	458	1
353	399	844	931	1
353	399	1006	1028	1
353	377	379	458	945	951	1330	0
353	413	945	951	1
353	414	458	945	951	1
353	430	432	458	945	951	1330	0
353	444	446	458	945	951	1330	0
353	448	450	458	945	951	1330	0
353	458	945	951	1330	0
353	458	472	474	945	951	1330	0
353	458	483	485	945	951	1330	0
353	458	486	528	951	1187	0
353	458	487	489	945	951	1330	0
353	458	502	504	945	951	1330	0
353	458	505	507	945	951	1330	0
353	458	535	537	945	951	1330	0
353	458	552	554	945	951	1330	0
353	458	559	560	945	951	1330	0
353	458	566	568	945	951	1330	0
353	458	563	565	945	951	1330	0
353	458	575	577	945	951	1330	0
353	458	578	580	945	951	1330	0
353	458	604	605	1
353	458	531	661	951	1
353	458	684	687	951	1
353	458	734	736	945	951	1330	0
353	458	740	742	945	951	1330	0
353	458	746	748	945	951	1330	0
353	458	755	757	945	951	1330	0
353	458	714	725	951	1
353	458	790	792	945	951	1330	0
353	458	796	798	945	951	1330	0
353	458	802	804	945	951	1330	0
353	458	809	814	951	1
353	458	857	881	951	1330	1385	1
353	354	910	951	1
353	458	859	861	945	951	1330	0
353	458	873	881	951	1187	1330	0
353	458	893	895	945	951	1330	0
353	458	898	904	951	1
353	458	928	934	951	1330	1456	1
353	458	951	972	1325	1
353	356	951	981	1057	13
353	356	951	972	981	13
353	458	951	1100	1104	1
353	458	715	770	951	1
353	458	951	985	1326	1
353	458	945	951	1007	1009	1330	0
353	458	945	951	1052	1054	1330	0
353	458	945	951	1058	1060	1330	0
353	458	945	951	1087	1089	1330	0
353	458	945	951	1090	1092	1330	0
353	458	945	951	1083	1085	1330	0
353	458	945	951	1124	1126	1330	1
353	458	945	951	1121	1123	1330	1
353	458	945	951	1117	1119	1330	1
353	458	945	1179	1193	1330	1349	1371	0
353	458	1605	1640	1
353	458	590	595	1
353	458	945	951	1190	1192	1330	0
353	458	945	951	1248	1249	1330	0
353	458	945	951	1250	1251	1330	0
353	458	945	951	1258	1259	1330	0
353	458	945	951	1260	1261	1330	0
353	458	945	951	1280	1281	1330	0
353	458	945	951	1289	1290	1330	0
353	458	945	951	1295	1296	1330	0
353	458	945	951	1297	1298	1330	0
353	458	945	951	1299	1300	1330	0
353	458	945	951	1309	1310	1330	0
353	458	945	951	1313	1314	1330	0
353	458	945	951	1315	1316	1330	0
353	458	945	951	1321	1323	1330	0
353	458	1338	1344	1
353	458	1349	1352	1
353	458	945	951	1330	1367	1369	0
353	458	945	951	1330	1364	1366	0
353	458	945	951	1330	1385	1387	0
353	458	951	1390	1391	1
353	458	951	1271	1392	1
353	458	951	1288	1393	1
353	458	1371	1399	1
353	458	951	1406	1419	1
353	458	945	951	1330	1409	1411	0
353	458	951	1441	1442	1
353	458	945	951	1330	1456	1458	0
353	458	531	1330	1464	1467	2
353	458	945	951	1330	1475	1477	0
353	458	945	951	1330	1453	1455	0
353	458	945	951	1330	1488	1490	0
353	458	679	951	1517	1
353	458	1506	1507	1
353	458	945	951	1330	1561	1563	0
353	458	880	951	1330	1595	1596	1
353	377	458	951	1330	1595	1597	1
353	380	458	951	1330	1618	1619	1
353	458	1605	1621	1
353	458	951	1656	1661	1
353	458	945	951	1330	1658	1660	0
353	458	945	951	1330	1665	1667	0
353	458	945	951	1330	1665	1667	0
354	458	786	951	1349	1
357	399	945	951	1401	0
357	945	951	1182	1186	0
358	359	951	952	19
359	19
361	363	436	438	11
363	438	530	953	11
364	396	538	951	1280	10
364	396	540	951	1297	10
364	396	951	957	1117	10
365	632	19
365	636	945	951	1349	0
368	370	951	953	0
368	881	945	951	1184	1185	1187	0
368	528	951	1459	1507	15
369	370	19
369	19
371	373	951	953	19
372	19
374	402	404	945	11
374	380	945	5
374	1388	1390	1393	7
374	376	951	953	0
374	945	1618	1620	15
376	1167	1169	11
376	947	1163	1170	11
376	947	1156	1159	11
377	1388	1390	1393	7
377	384	399	458	1349	1536	1
377	379	1176	1178	2
378	379	11
382	947	1158	1169	11
382	947	1157	1168	11
383	528	951	1393	2
385	393	4
387	388	19
389	392	945	951	19
393	715	4
395	951	1182	1183	1484	0
399	439	452	458	513	951	1349	1
399	436	440	458	1349	1537	1
399	444	452	458	873	881	945	951	1349	0
399	444	452	458	951	1187	1349	0
399	444	447	458	1349	1538	1
399	458	578	582	1349	1540	1
399	458	531	601	602	951	953	1349	1
399	458	531	616	617	951	953	1349	1
399	458	531	951	953	1349	1495	1566	1
399	458	531	951	953	1349	1499	1569	1
399	458	531	951	953	960	1334	1349	1
399	458	531	951	953	1226	1349	1460	1
399	458	531	951	953	994	998	1349	1
399	458	844	951	1347	1
399	458	881	885	1349	1542	1
399	458	887	911	1349	1543	1
399	458	973	978	1349	1544	1
399	945	951	1182	1194	0
399	458	658	951	1182	1187	1349	1
399	458	531	1262	1317	1349	1
399	458	1318	1324	1349	1549	1
399	458	951	1371	1401	1
399	458	945	1330	1429	1430	1
399	458	1349	1434	1439	1552	1
399	458	1349	1434	1438	1551	1
399	458	531	1349	1426	1463	1
399	458	1349	1508	1513	1553	1
399	458	1349	1554	1557	1560	1
400	401	19
402	403	951	953	0
403	405	1159	8
404	405	951	953	0
405	1161	1162	8
407	408	19
407	19
412	508	873	881	951	1393	2
425	427	951	953	19
426	427	19
428	839	951	1605	1608	11
433	435	951	953	0
436	439	783	11
441	443	1288	1393	20
444	452	945	1187	0
445	446	11
446	454	947	1189	11
448	451	925	928	945	11
449	450	20
449	20
452	479	486	951	1330	0
452	951	999	1396	1397	0
452	951	999	1150	1151	0
452	783	951	999	1464	0
452	454	951	953	0
452	454	951	953	0
452	454	951	953	0
455	951	985	1184	1185	0
458	718	762	951	1349	1
458	951	1182	1194	1349	0
458	951	1349	1434	1437	1
460	552	555	840	8
461	893	945	951	1182	1183	0
462	786	1330	0
465	466	945	951	1182	1183	0
467	468	951	1182	1183	0
467	468	951	1184	1185	0
470	471	20
473	474	20
476	477	20
479	635	945	951	1
481	20
484	485	951	953	11
486	1246	1247	1330	14
487	489	951	953	11
490	951	1182	1183	1479	0
490	951	1184	1185	1479	0
491	1498	11
492	604	945	1530	1531	2
492	604	920	921	945	2
493	562	951	1248	1349	5
493	525	898	951	1303	5
494	525	945	951	1256	0
494	562	951	1256	1349	5
494	525	898	951	1311	5
494	525	951	1376	1434	5
495	525	945	951	1254	0
495	562	951	1254	1349	5
495	525	898	951	1309	5
495	525	951	1375	1434	5
497	525	945	951	1258	0
497	562	951	1258	1349	5
497	525	951	1377	1434	5
498	525	951	1374	1434	20
499	562	951	1250	1349	5
499	525	951	1373	1434	5
500	637	951	1182	1183	0
500	951	1182	1183	1213	1353	0
501	509	951	1182	1183	1213	0
501	630	951	1182	1183	0
502	578	887	945	11
504	883	930	947	5
505	507	951	953	6
505	790	898	945	951	6
510	512	1464	1466	11
514	525	951	1039	1063	26
514	525	951	1040	1327	20
519	947	953	1251	1292	6
523	947	953	1259	1300	2
524	906	1302	8
525	556	945	1401	2
525	583	844	931	951	2
525	562	945	951	1349	0
526	527	20
526	20
527	585	947	1332	2
528	530	2
528	691	789	951	1393	2
528	945	951	956	0
528	1075	1182	1183	1393	0
528	1078	1182	1183	1393	0
528	951	1137	1346	2
528	951	1219	1393	2
528	951	1242	1621	3
528	691	945	951	1182	1183	1271	1329	1330	0
528	951	1274	1373	7
528	951	1280	1376	14
528	951	1282	1377	3
528	951	1284	1378	28
528	886	945	951	1187	1633	0
529	20
531	599	602	945	951	0
531	945	951	1224	1460	0
531	945	951	1227	1236	0
531	945	951	1222	1230	0
531	985	1467	1470	2
533	534	20
533	20
536	946	952	954	959	16
542	545	718	719	726	951	11
542	545	726	951	1405	1412	11
543	544	951	953	0
543	20
546	547	951	953	21
549	555	8
550	551	951	953	21
552	555	559	561	8
552	554	951	953	0
553	554	11
553	11
556	945	951	1187	1629	0
556	558	951	953	2
556	583	945	1409	2
557	21
564	565	21
567	568	21
567	21
570	571	21
571	953	1452	1493	1563	21
573	574	21
573	21
575	945	948	1187	1393	0
576	577	21
578	580	12
579	580	12
581	945	957	1187	1393	0
583	945	951	1187	1637	0
584	585	21
584	21
586	644	945	951	1187	0
586	591	945	1330	2
592	593	21
592	21
595	647	945	951	1187	0
597	602	718	719	12
598	951	1182	1183	1498	0
600	601	21
600	21
606	607	21
606	21
610	611	21
613	951	1184	1185	1496	0
618	844	920	921	945	1
619	622	945	1330	2
619	625	945	951	1349	2
620	621	21
620	21
621	624	947	1332	2
622	625	945	1352	2
623	21
626	629	1288	1393	4
626	715	789	4
627	628	21
627	21
629	725	789	4
629	898	1396	1397	4
630	951	980	1213	0
631	951	1184	1185	1502	0
631	679	684	1135	6
635	1243	1396	1397	0
635	1150	1151	1243	0
635	783	1243	1464	1
639	945	983	21
641	644	945	1330	0
642	643	21
643	646	947	1332	2
645	21
651	919	1024	1349	12
651	1024	12
654	657	947	1150	1151	22
656	22
659	660	22
659	22
662	663	1396	1397	22
664	665	927	930	16
664	665	666	667	16
666	667	1530	1531	16
666	667	668	669	16
676	678	951	1002	1040	22
679	945	1330	1517	0
679	682	945	951	1349	6
680	22
681	947	1332	1519	2
683	945	1530	1531	1605	3
683	920	921	945	1605	3
684	690	945	951	1349	6
684	687	945	1330	0
685	686	22
685	22
687	689	951	953	0
688	689	22
690	759	760	945	1640	23
693	715	789	1420	4
693	715	789	1656	4
695	698	953	1599	1627	22
696	697	22
696	22
699	945	1011	22
700	22
702	726	749	762	763	951	12
702	726	749	951	1405	1412	12
703	730	750	8
703	704	951	953	0
705	793	898	945	951	4
711	713	951	953	22
712	22
715	725	945	1330	4
715	772	1288	1393	4
715	833	873	881	4
716	22
716	717	22
718	719	991	998	4
718	719	1220	1222	4
718	719	965	1334	4
718	719	1235	1460	4
718	719	951	1184	1185	0
718	719	726	729	951	4
718	719	726	743	746	951	4
720	928	984	12
720	887	942	945	1213	1422	0
721	22
726	728	951	953	3
726	728	951	953	3
726	728	3
726	737	740	951	1405	1412	12
726	743	746	951	1405	1412	12
726	752	755	762	763	951	12
726	752	755	951	1405	1412	12
727	12
727	728	12
730	738	741	8
730	731	8
732	22
735	736	951	953	12
738	8
738	739	951	953	0
744	22
744	745	951	953	0
747	23
750	8
750	751	951	953	0
753	23
756	23
762	763	951	1182	1183	0
764	945	1584	1585	15
765	23
769	919	1024	1349	12
769	945	967	1321	1349	12
770	805	945	1461	4
770	859	4
771	772	23
774	23
776	805	945	1067	12
777	870	23
777	951	1107	1182	1183	0
778	23
778	779	23
780	782	951	953	23
781	782	23
783	945	1078	1
783	785	951	953	1
783	785	951	953	1
783	945	951	980	1238	0
783	785	1464	1466	1
784	23
786	910	1330	0
786	1090	1096	1330	4
786	1087	1090	1330	4
786	809	1608	1611	15
797	23
798	900	906	947	953	12
799	898	945	951	1018	0
800	801	23
801	900	947	953	1020	23
802	898	945	951	1434	0
805	861	1288	1393	12
808	858	951	1605	1608	12
808	854	951	1605	1608	12
810	23
811	816	947	1332	12
812	813	23
814	859	945	1110	12
814	816	951	953	12
815	816	12
816	861	947	1051	12
817	819	951	953	23
818	23
820	822	951	953	23
823	951	1182	1183	1484	0
826	828	1288	1393	23
830	831	23
834	24
836	24
844	918	945	951	1
844	931	945	951	1330	0
844	945	1347	1349	1
844	931	951	1621	1637	1
847	850	24
847	849	945	24
848	850	951	1184	1185	0
853	855	945	951	1184	1185	0
858	951	1002	1605	1608	12
859	1083	1090	1096	4
859	1083	1087	1090	4
859	945	1087	1090	4
859	945	1086	1087	4
859	945	1533	4
860	861	12
860	861	12
861	864	947	953	1396	1397	0
861	947	1535	12
866	24
866	867	24
868	24
870	872	951	953	0
871	24
871	872	24
874	875	24
875	883	947	1189	24
877	885	951	1184	1185	1542	0
878	879	951	1184	1185	1330	0
880	881	4
881	883	1176	1178	2
886	907	951	1182	1183	0
886	907	1396	1397	1
886	907	1150	1151	1
887	945	1364	1367	2
887	945	1135	1434	1502	2
887	889	951	953	0
887	889	1176	1178	2
888	889	13
890	904	951	1182	1183	0
890	892	24
891	24
894	895	24
896	24
896	897	24
897	906	947	1332	2
898	904	945	1330	0
899	900	6
901	903	951	953	0
901	951	989	1182	1183	0
901	945	1100	1103	6
902	24
902	903	24
905	906	8
907	909	951	953	1
908	24
914	1420	24
915	951	1012	1184	1185	1187	0
915	935	1349	1371	1
915	931	945	951	1349	1
917	924	947	1332	24
920	921	951	1269	1270	1450	3
922	931	945	1352	1
922	935	1330	1400	1
923	924	24
925	928	951	1184	1185	0
926	25
928	934	945	1456	12
929	930	16
932	25
935	945	951	1187	1645	0
935	937	1
936	937	13
938	951	953	1396	1397	0
938	951	953	1150	1151	0
939	940	25
942	945	1213	0
942	945	1117	1124	0
942	945	1187	1213	1388	1390	0
942	951	1213	1216	0
943	944	25
944	947	1189	1215	1265	1287	14
945	951	953	1213	1396	1397	0
945	951	953	1213	1396	1397	0
945	947	0
945	951	979	1238	1464	0
945	951	995	1182	1183	1645	0
945	1330	1388	1389	0
945	951	1012	1182	1183	1649	0
945	995	1021	1409	1
945	1117	1124	1530	1531	1
945	1117	1121	1530	1531	3
945	1100	1104	1330	1
945	1187	1193	1194	0
945	951	1186	1194	1401	0
945	951	1186	1196	1401	0
945	1179	1186	1187	0
945	951	953	1150	1151	1197	1200	0
945	1330	1649	1653	0
945	951	1006	1028	1330	0
945	951	1182	1183	1187	1197	0
945	1295	1309	1330	0
945	1297	1311	1330	7
945	1299	1313	1330	3
945	951	1330	1349	1352	0
945	1213	1350	1351	0
945	1360	1362	14
945	951	1349	1360	1361	0
945	1330	1382	1434	0
945	948	951	1184	1185	1450	0
945	1219	1485	3
945	951	1150	1151	1520	1523	0
945	1330	1532	1533	0
945	1015	1187	1393	1557	0
945	1015	1434	1557	0
945	951	1182	1183	1592	1593	0
945	951	1330	1598	1600	0
945	982	1628	0
945	1409	1645	1653	1
946	16
947	1158	1159	2
947	1161	1163	2
947	1150	1151	1199	1202	0
947	953	1189	1199	1396	1397	0
947	953	1150	1151	1189	1199	0
947	1290	1304	1332	7
947	1294	1308	1332	7
947	1300	1314	1332	2
947	1020	1134	1332	2
947	1332	1510	1512	2
948	950	13
951	1593	1605	1624	1625	15
951	953	1041	1043	0
951	1171	1182	1183	1526	0
951	1171	1184	1185	1526	0
951	1182	1183	1223	1528	0
951	1184	1185	1221	1527	0
951	1182	1183	1405	1412	0
951	957	1117	1138	13
951	953	973	975	0
951	953	985	987	0
951	953	1007	1009	0
951	953	1021	1023	0
951	953	1021	1023	0
951	953	1029	1031	0
951	1047	1155	1182	1183	0
951	1041	1182	1183	1393	0
951	1064	1065	1581	1605	13
951	953	1071	1073	0
951	953	1075	1077	0
951	953	1110	1112	0
951	953	1110	1112	0
951	953	1128	1130	0
951	953	1138	1140	0
951	1167	1587	1598	15
951	1166	1167	1587	1598	15
951	1150	1151	1182	1183	0
951	953	1150	1151	1182	1183	0
951	1182	1183	1396	1397	0
951	1150	1151	1184	1185	0
951	953	1176	1178	0
951	953	1176	1178	0
951	953	1197	1199	0
951	953	1263	1265	0
951	1269	1270	1450	1530	1531	14
951	953	1318	1320	0
951	1330	1428	1430	1438	15
951	953	1434	1436	0
951	953	1442	1444	0
951	953	1182	1183	1184	1185	0
951	953	1517	1519	0
951	953	1557	1559	0
951	953	1575	1577	0
951	1184	1185	1588	1597	0
951	953	1629	1631	0
951	953	1629	1631	0
951	953	1637	1639	0
951	953	1641	1643	0
951	953	1662	1664	0
951	953	1658	1660	0
951	953	1078	1080	0
952	16
952	953	16
954	16
959	16
962	13
962	963	13
964	965	25
986	25
993	25
995	997	1
996	13
996	997	13
1008	25
1013	25
1019	25
1019	1020	25
1022	1023	13
1026	25
1026	1027	25
1030	1031	25
1041	1393	1396	1397	0
1044	1393	1396	1397	0
1045	26
1050	26
1053	1054	26
1059	26
1061	1062	26
1068	26
1068	1069	26
1072	26
1072	1073	26
1078	1150	1151	1219	0
1079	26
1082	1085	1288	1393	13
1084	26
1091	26
1097	26
1097	1098	26
1100	1102	1330	1332	1
1100	1106	1288	1393	1
1101	26
1105	26
1105	1106	26
1108	1109	26
1111	13
1111	1112	13
1115	26
1115	1116	26
1120	1135	1184	1185	0
1122	26
1125	26
1125	1126	26
1129	26
1129	1130	26
1133	26
1136	1137	27
1139	27
1139	1140	27
1142	27
1142	1143	27
1144	1146	1288	1393	27
1145	27
1173	27
1176	1178	1335	1337	2
1176	1178	1338	1340	2
1176	1178	1364	1366	2
1176	1178	1508	1510	2
1177	1178	2
1187	1393	1431	0
1188	1189	14
1190	1192	27
1191	27
1194	1196	0
1195	27
1198	14
1198	1199	14
1201	27
1201	1202	27
1203	1205	27
1204	1205	27
1208	27
1208	1209	27
1211	1212	27
1213	1215	0
1214	14
1214	1215	14
1225	27
1228	1229	14
1239	1241	1385	1387	14
1240	1241	27
1246	14
1286	28
1286	1287	28
1288	1393	1423	1425	7
1288	1330	1588	1589	15
1330	1400	1645	1653	0
1330	1400	1629	1637	0
1331	2
1331	1332	2
1336	1337	28
1338	1346	1464	1467	2
1339	28
1341	1343	28
1354	1355	28
1356	28
1365	28
1368	28
1380	28
1383	29
1383	1384	29
1394	29
1400	1401	0
1410	1411	29
1414	1415	29
1416	1417	29
1424	1425	29
1432	1433	29
1432	29
1454	29
1457	29
1457	1458	29
1465	29
1472	29
1472	1473	29
1486	30
1486	1487	30
1489	30
1489	1490	30
1492	30
1494	1499	30
1504	30
1504	1505	30
1511	30
1515	30
1515	1516	30
1521	30
1521	1522	30
1524	30
1534	30
1534	1535	30
1558	31
1558	1559	31
1562	15
1562	1563	15
1571	31
1571	1572	31
1573	1574	31
1578	31
1590	1591	31
1594	1600	1619	1621	7
1600	1601	15
1606	31
1606	1607	31
1609	1610	31
1611	1614	15
1612	31
1630	1631	15
1638	15
1638	1639	15
1650	31
1654	31
1654	1655	31
1659	1660	15
1665	1667	15
1666	31
