0	0
1	0
2	0
3	0
4	0
5	0
6	0
7	0
8	0
9	0
10	0
11	0
12	0
13	0
14	0
15	0
16	0
17	0
18	0
19	0
20	0
21	0
22	0
23	0
24	0
25	0
26	0
27	0
28	0
29	0
30	0
31	0
32	0
33	0
34	0
35	0
36	0
37	0
38	0
39	0
40	0
41	0
42	0
43	0
44	0
45	0
46	0
47	0
48	0
49	0
50	0
51	0
52	0
53	0
54	0
55	0
56	0
57	0
58	0
59	0
60	0
61	0
62	0
63	0
64	0
65	0
66	0
67	0
68	0
69	0
70	0
71	0
72	0
73	0
74	0
75	0
76	0
77	0
78	0
79	0
80	0
81	0
82	0
83	0
84	0
85	0
86	0
87	0
88	0
89	0
90	0
91	0
92	0
93	0
94	0
95	0
96	0
97	0
98	0
99	0
100	0
101	0
102	0
103	0
104	0
105	0
106	0
107	0
108	0
109	0
110	0
111	0
112	0
113	0
114	0
115	0
116	0
117	0
118	0
119	0
120	0
121	0
122	0
123	0
124	0
125	0
126	0
127	0
128	0
129	0
130	0
131	0
132	0
133	0
134	0
135	0
136	0
137	0
138	0
139	0
140	0
141	0
142	0
143	0
144	0
145	0
146	0
147	0
148	0
149	0
150	0
151	0
152	0
153	0
154	0
155	0
156	0
157	0
158	0
159	0
160	0
161	0
162	0
163	0
164	0
165	0
166	0
167	0
168	0
169	0
170	0
171	0
172	0
173	0
174	0
175	0
176	0
177	0
178	0
179	0
180	0
181	0
182	0
183	0
184	0
185	0
186	0
187	0
188	0
189	0
190	0
191	0
192	0
193	0
194	0
195	0
196	0
197	0
198	0
199	0
200	0
201	0
202	0
203	0
204	0
205	0
206	0
207	0
208	0
209	0
210	0
211	0
212	0
213	0
214	0
215	0
216	0
217	0
218	0
219	0
220	0
221	0
222	0
223	0
224	0
225	0
226	0
227	0
228	0
229	0
230	0
231	0
232	0
233	0
234	0
235	0
236	0
237	0
238	0
239	0
240	0
241	0
242	0
243	0
244	0
245	0
246	0
247	0
248	0
249	0
250	0
251	0
252	0
253	0
254	0
255	0
256	0
257	0
258	0
259	0
260	0
261	0
262	0
263	0
264	0
265	0
266	0
267	0
268	0
269	0
270	0
271	0
272	0
273	0
274	0
275	0
276	0
277	0
278	0
279	0
280	0
281	0
282	0
283	0
284	0
285	0
286	0
287	0
288	0
289	0
290	0
291	0
292	0
293	0
294	0
295	0
296	0
297	0
298	0
299	0
300	0
301	0
302	0
303	0
304	0
305	0
306	0
307	0
308	0
309	0
310	0
311	0
312	0
313	0
314	0
315	0
316	0
317	0
318	0
319	0
320	0
321	0
322	0
323	0
324	0
325	0
326	0
327	0
328	0
329	0
330	0
331	0
332	0
333	0
334	0
335	0
336	0
337	0
338	0
339	0
340	0
341	0
342	0
343	0
344	0
345	0
346	0
347	0
348	0
349	0
350	0
351	0
352	0
353	0
354	0
355	0
356	0
357	0
358	0
359	0
360	0
361	0
362	0
363	0
364	0
365	0
366	0
367	0
368	0
369	0
370	0
371	0
372	0
373	0
374	0
375	0
376	0
377	0
378	0
379	0
380	0
381	0
382	0
383	0
384	0
385	0
386	0
387	0
388	0
389	0
390	0
391	0
392	0
393	0
394	0
395	0
396	0
397	0
398	0
399	0
400	0
401	0
402	0
403	0
404	0
405	0
406	0
407	0
408	0
409	0
410	0
411	0
412	0
413	0
414	0
415	0
416	0
417	0
418	0
419	1
420	0
421	0
422	0
423	0
424	0
425	0
426	0
427	0
428	0
429	0
430	0
431	0
432	0
433	0
434	0
435	0
436	0
437	0
438	0
439	0
440	0
441	0
442	0
443	0
444	0
445	0
446	0
447	0
448	0
449	0
450	0
451	0
452	0
453	0
454	0
455	0
456	0
457	0
458	0
459	0
460	0
461	0
462	0
463	0
464	0
465	0
466	0
467	0
468	0
469	0
470	0
471	0
472	0
473	0
474	0
475	0
476	0
477	0
478	1
479	0
480	0
481	0
482	0
483	0
484	0
485	0
486	0
487	0
488	0
489	0
490	0
491	0
492	0
493	0
494	0
495	0
496	0
497	0
498	0
499	0
500	0
501	0
502	0
503	0
504	0
505	0
506	0
507	0
508	0
509	0
510	0
511	0
512	0
513	0
514	0
515	0
516	0
517	0
518	0
519	0
520	0
521	0
522	0
523	0
524	0
525	0
526	0
527	0
528	0
529	0
530	0
531	0
532	0
533	0
534	0
535	0
536	0
537	0
538	0
539	0
540	0
541	0
542	0
543	0
544	0
545	0
546	0
547	0
548	0
549	0
550	0
551	0
552	0
553	0
554	0
555	0
556	0
557	0
558	0
559	0
560	0
561	0
562	0
563	0
564	0
565	0
566	0
567	0
568	0
569	0
570	0
571	0
572	0
573	0
574	0
575	0
576	0
577	0
578	0
579	0
580	0
581	0
582	0
583	0
584	0
585	0
586	0
587	0
588	0
589	0
590	0
591	0
592	0
593	0
594	0
595	0
596	0
597	0
598	0
599	0
600	0
601	0
602	0
603	0
604	0
605	0
606	0
607	0
608	0
609	0
610	0
611	0
612	0
613	0
614	0
615	0
616	0
617	0
618	0
619	0
620	0
621	0
622	0
623	0
624	0
625	0
626	0
627	0
628	0
629	0
630	0
631	0
632	0
633	0
634	0
635	0
636	0
637	0
638	0
639	0
640	0
641	0
642	0
643	0
644	0
645	0
646	0
647	0
648	0
649	0
650	0
651	0
652	0
653	0
654	0
655	0
656	0
657	0
658	0
659	0
660	0
661	0
662	0
663	0
664	0
665	0
666	0
667	0
668	0
669	0
670	0
671	0
672	0
673	0
674	0
675	0
676	0
677	0
678	0
679	0
680	0
681	0
682	0
683	0
684	0
685	0
686	0
687	0
688	0
689	0
690	0
691	0
692	0
693	0
694	0
695	0
696	0
697	0
698	0
699	0
700	0
701	0
702	0
703	0
704	0
705	0
706	0
707	0
708	0
709	0
710	0
711	0
712	0
713	0
714	0
715	0
716	0
717	0
718	0
719	0
720	0
721	0
722	0
723	0
724	0
725	0
726	0
727	0
728	0
729	0
730	0
731	0
732	0
733	0
734	0
735	0
736	0
737	0
738	0
739	0
740	0
741	0
742	0
743	0
744	0
745	0
746	0
747	0
748	0
749	0
750	0
751	0
752	0
753	0
754	0
755	0
756	0
757	0
758	0
759	0
760	0
761	0
762	0
763	0
764	0
765	0
766	0
767	0
768	0
769	0
770	0
771	0
772	0
773	0
774	0
775	0
776	0
777	0
778	0
779	0
780	0
781	0
782	0
783	0
784	0
785	0
786	0
787	0
788	0
789	0
790	0
791	0
792	0
793	0
794	0
795	0
796	0
797	0
798	0
799	0
800	0
801	0
802	0
803	0
804	0
805	0
806	0
807	0
808	0
809	0
810	0
811	0
812	0
813	0
814	0
815	0
816	0
817	0
818	0
819	0
820	0
821	0
822	0
823	0
824	0
825	0
826	0
827	0
828	0
829	0
830	0
831	0
832	0
833	0
834	0
835	0
836	0
837	0
838	0
839	0
840	0
841	0
842	0
843	0
844	0
845	0
846	0
847	0
848	0
849	0
850	0
851	0
852	0
853	0
854	0
855	0
856	0
857	0
858	0
859	0
860	0
861	0
862	0
863	0
864	0
865	0
866	0
867	0
868	0
869	0
870	0
871	0
872	0
873	0
874	0
875	0
876	0
877	0
878	0
879	0
880	0
881	0
882	0
883	0
884	0
885	0
886	0
887	0
888	0
889	0
890	0
891	0
892	0
893	0
894	0
895	0
896	0
897	0
898	0
899	0
900	0
901	0
902	0
903	0
904	0
905	0
906	0
907	0
908	0
909	0
910	0
911	0
912	0
913	0
914	0
915	0
916	0
917	0
918	0
919	0
920	0
921	0
922	0
923	0
924	0
925	0
926	0
927	0
928	0
929	0
930	0
931	0
932	0
933	0
934	0
935	0
936	0
937	0
938	0
939	0
940	0
941	0
942	0
943	0
944	0
945	0
946	0
947	0
948	0
949	0
950	0
951	0
952	0
953	0
954	0
955	0
956	0
957	0
958	0
959	0
960	0
961	0
962	0
963	0
964	0
965	0
966	0
967	0
968	0
969	0
970	0
971	0
972	0
973	0
974	0
975	0
976	0
977	0
978	0
979	0
980	0
981	0
982	0
983	0
984	0
985	0
986	0
987	0
988	0
989	0
990	0
991	0
992	0
993	0
994	0
995	0
996	0
997	0
998	0
999	0
1000	0
1001	0
1002	0
1003	0
1004	0
1005	0
1006	0
1007	0
1008	0
1009	0
1010	0
1011	0
1012	0
1013	0
1014	0
1015	0
1016	0
1017	0
1018	0
1019	0
1020	0
1021	0
1022	0
1023	0
1024	0
1025	0
1026	0
1027	0
1028	0
1029	0
1030	0
1031	0
1032	0
1033	0
1034	0
1035	0
1036	0
1037	0
1038	0
1039	0
1040	0
1041	0
1042	0
1043	0
1044	0
1045	0
1046	0
1047	0
1048	0
1049	0
1050	0
1051	0
1052	0
1053	0
1054	0
1055	0
1056	0
1057	0
1058	0
1059	0
1060	0
1061	0
1062	0
1063	0
1064	0
1065	0
1066	0
1067	0
1068	0
1069	0
1070	0
1071	0
1072	0
1073	0
1074	0
1075	0
1076	0
1077	0
1078	0
1079	0
1080	0
1081	0
1082	0
1083	0
1084	0
1085	0
1086	0
1087	0
1088	0
1089	0
1090	0
1091	0
1092	0
1093	0
1094	0
1095	0
1096	0
1097	0
1098	0
1099	0
1100	0
1101	0
1102	0
1103	0
1104	0
1105	0
1106	0
1107	0
1108	0
1109	0
1110	0
1111	0
1112	0
1113	0
1114	0
1115	0
1116	0
1117	0
1118	0
1119	0
1120	0
1121	0
1122	0
1123	0
1124	0
1125	0
1126	0
1127	0
1128	0
1129	0
1130	0
1131	0
1132	0
1133	0
1134	0
1135	0
1136	0
1137	0
1138	0
1139	0
1140	0
1141	0
1142	0
1143	0
1144	0
1145	0
1146	0
1147	0
1148	0
1149	0
1150	0
1151	0
1152	0
1153	0
1154	0
1155	0
1156	0
1157	0
1158	0
1159	0
1160	0
1161	0
1162	0
1163	0
1164	0
1165	0
1166	0
1167	0
1168	0
1169	0
1170	0
1171	0
1172	0
1173	0
1174	0
1175	0
1176	0
1177	0
1178	0
1179	0
1180	0
1181	0
1182	0
1183	0
1184	0
1185	0
1186	0
1187	0
1188	0
1189	0
1190	0
1191	0
1192	0
1193	0
1194	0
1195	0
1196	0
1197	0
1198	0
1199	0
1200	0
1201	0
1202	0
1203	0
1204	0
1205	0
1206	0
1207	0
1208	0
1209	0
1210	0
1211	0
1212	0
1213	0
1214	0
1215	0
1216	0
1217	0
1218	0
1219	0
1220	0
1221	0
1222	0
1223	0
1224	0
1225	0
1226	0
1227	0
1228	0
1229	0
1230	0
1231	0
1232	0
1233	0
1234	0
1235	0
1236	0
1237	0
1238	0
1239	0
1240	0
1241	0
1242	0
1243	0
1244	0
1245	0
1246	0
1247	0
1248	0
1249	0
1250	0
1251	0
1252	0
1253	0
1254	0
1255	0
1256	0
1257	0
1258	0
1259	0
1260	0
1261	0
1262	0
1263	0
1264	0
1265	0
1266	0
1267	0
1268	0
1269	0
1270	0
1271	0
1272	0
1273	0
1274	0
1275	0
1276	0
1277	0
1278	0
1279	0
1280	0
1281	0
1282	0
1283	0
1284	0
1285	0
1286	0
1287	0
1288	0
1289	0
1290	0
1291	0
1292	0
1293	0
1294	0
1295	0
1296	0
1297	0
1298	0
1299	0
1300	0
1301	0
1302	0
1303	0
1304	0
1305	0
1306	0
1307	0
1308	0
1309	0
1310	0
1311	0
1312	0
1313	0
1314	0
1315	0
1316	0
1317	0
1318	0
1319	0
1320	0
1321	0
1322	0
1323	0
1324	0
1325	0
1326	0
1327	0
1328	0
1329	0
1330	0
1331	0
1332	0
1333	0
1334	0
1335	0
1336	0
1337	0
1338	0
1339	0
1340	0
1341	0
1342	0
1343	0
1344	0
1345	0
1346	0
1347	0
1348	0
1349	0
1350	0
1351	0
1352	0
1353	0
1354	0
1355	0
1356	0
1357	0
1358	0
1359	0
1360	0
1361	0
1362	0
1363	0
1364	0
1365	0
1366	0
1367	0
1368	0
1369	0
1370	0
1371	0
1372	0
1373	0
1374	0
1375	0
1376	0
1377	0
1378	0
1379	0
1380	0
1381	0
1382	0
1383	0
1384	0
1385	0
1386	0
1387	0
1388	0
1389	0
1390	0
1391	0
1392	0
1393	0
1394	0
1395	0
1396	0
1397	0
1398	0
1399	0
1400	0
1401	0
1402	0
1403	0
1404	0
1405	0
1406	0
1407	0
1408	0
1409	0
1410	0
1411	0
1412	0
1413	0
1414	0
1415	0
1416	0
1417	0
1418	0
1419	0
1420	0
1421	0
1422	0
1423	0
1424	0
1425	0
1426	0
1427	0
1428	0
1429	0
1430	0
1431	0
1432	0
1433	0
1434	0
1435	0
1436	0
1437	0
1438	0
1439	0
1440	0
1441	0
1442	0
1443	0
1444	0
1445	0
1446	0
1447	0
1448	0
1449	0
1450	0
1451	0
1452	0
1453	0
1454	0
1455	0
1456	0
1457	0
1458	0
1459	0
1460	0
1461	0
1462	0
1463	0
1464	0
1465	0
1466	0
1467	0
1468	0
1469	0
1470	0
1471	0
1472	1
1473	1
1474	0
1475	1
1476	1
1477	0
1478	0
1479	1
1480	1
1481	1
1482	0
1483	1
1484	1
1485	1
1486	1
1487	0
1488	0
1489	1
1490	0
1491	1
1492	1
1493	0
1494	0
1495	1
1496	0
1497	1
1498	0
1499	0
1500	0
1501	0
1502	1
1503	1
1504	0
1505	1
1506	1
1507	1
1508	1
1509	1
1510	0
1511	1
1512	0
1513	0
1514	1
1515	0
1516	0
1517	1
1518	0
1519	0
1520	0
1521	1
1522	1
1523	0
1524	1
1525	0
1526	0
1527	0
1528	1
1529	1
1530	1
1531	1
1532	1
1533	0
1534	1
1535	0
1536	0
1537	0
1538	1
1539	1
1540	0
1541	0
1542	0
1543	0
1544	0
1545	0
1546	1
1547	1
1548	1
1549	0
1550	1
1551	1
1552	1
1553	1
1554	0
1555	1
1556	1
1557	0
1558	0
1559	1
1560	1
1561	1
1562	1
1563	1
1564	0
1565	1
1566	0
1567	1
1568	1
1569	0
1570	1
1571	1
1572	1
1573	1
1574	1
1575	0
1576	1
1577	1
1578	1
1579	1
1580	1
1581	1
1582	1
1583	1
1584	1
1585	1
1586	1
1587	1
1588	0
1589	0
1590	1
1591	0
1592	0
1593	1
1594	0
1595	1
1596	1
1597	1
1598	0
1599	1
1600	1
1601	1
1602	0
1603	1
1604	1
1605	1
1606	0
1607	0
1608	1
1609	0
1610	1
1611	0
1612	1
1613	0
1614	0
1615	0
1616	0
1617	0
1618	1
1619	1
1620	1
1621	0
1622	1
1623	0
1624	0
1625	0
1626	1
1627	1
1628	0
1629	1
1630	1
1631	1
1632	1
1633	1
1634	0
1635	1
1636	1
1637	0
1638	1
1639	1
1640	0
1641	1
1642	1
1643	1
1644	0
1645	0
1646	0
1647	0
1648	0
1649	0
1650	0
1651	0
1652	0
1653	0
1654	0
1655	1
1656	1
1657	1
1658	1
1659	0
1660	1
1661	1
1662	0
1663	0
1664	0
1665	0
1666	0
1667	0
1668	0
1669	0
1670	0
1671	0
1672	0
1673	0
1674	0
1675	1
1676	0
1677	0
1678	0
1679	0
1680	1
1681	1
1682	1
1683	1
1684	1
1685	1
1686	0
1687	0
1688	0
1689	0
1690	0
1691	0
1692	0
1693	0
1694	1
1695	1
1696	0
1697	0
1698	0
1699	0
1700	0
1701	0
1702	0
1703	0
1704	0
1705	1
1706	1
1707	0
1708	0
1709	0
1710	0
1711	0
1712	0
1713	0
1714	0
1715	0
1716	1
1717	1
1718	0
1719	0
1720	0
1721	0
1722	1
1723	1
1724	0
1725	1
1726	0
1727	0
1728	1
1729	0
1730	0
1731	0
1732	1
1733	0
1734	0
1735	1
1736	1
1737	1
1738	1
1739	1
1740	0
1741	1
1742	1
1743	0
1744	0
1745	0
1746	0
1747	0
1748	0
1749	0
1750	0
1751	0
1752	1
1753	1
1754	0
1755	1
1756	0
1757	1
1758	0
1759	0
1760	1
1761	0
1762	0
1763	0
1764	1
1765	0
1766	0
1767	0
1768	1
1769	0
1770	0
1771	0
1772	0
1773	1
1774	1
1775	0
1776	1
1777	1
1778	1
1779	1
1780	1
1781	0
1782	1
1783	1
1784	0
1785	1
1786	1
1787	0
1788	0
1789	0
1790	0
1791	1
1792	1
1793	0
1794	1
1795	0
1796	0
1797	1
1798	0
1799	1
1800	0
1801	0
1802	1
1803	1
1804	0
1805	0
1806	0
1807	0
1808	1
1809	1
1810	1
1811	1
1812	1
1813	1
1814	0
1815	1
1816	1
1817	1
1818	0
1819	1
1820	1
1821	1
1822	1
1823	1
1824	1
1825	1
1826	1
1827	1
1828	1
1829	1
1830	1
1831	1
1832	1
1833	1
1834	0
1835	0
1836	1
1837	0
1838	0
1839	1
1840	1
1841	1
1842	1
1843	1
1844	0
1845	0
1846	1
1847	0
1848	0
1849	1
1850	1
1851	1
1852	1
1853	0
1854	0
1855	1
1856	1
1857	1
1858	0
1859	1
1860	1
1861	1
1862	1
1863	0
1864	1
1865	1
1866	0
1867	1
1868	0
1869	0
1870	0
1871	0
1872	0
1873	1
1874	1
1875	0
1876	1
1877	0
1878	0
1879	1
1880	1
1881	1
1882	0
1883	0
1884	1
1885	1
1886	0
1887	1
1888	0
1889	0
1890	0
1891	1
1892	0
1893	0
1894	0
1895	0
1896	1
1897	0
1898	1
1899	0
1900	0
1901	1
1902	1
1903	0
1904	0
1905	1
1906	1
1907	1
1908	1
1909	0
1910	0
1911	0
1912	0
1913	0
1914	1
1915	1
1916	1
1917	1
1918	1
1919	0
1920	0
1921	0
1922	1
1923	1
1924	1
1925	1
1926	1
1927	1
1928	0
1929	1
1930	1
1931	0
1932	1
1933	1
1934	1
1935	1
1936	0
1937	0
1938	1
1939	0
1940	1
1941	1
1942	0
1943	1
1944	0
1945	0
1946	0
1947	0
1948	0
1949	0
1950	0
1951	0
1952	0
1953	0
1954	0
1955	0
1956	0
1957	0
1958	0
1959	1
1960	1
1961	1
1962	1
1963	1
1964	0
1965	1
1966	0
1967	0
1968	1
1969	1
1970	1
1971	1
1972	1
1973	0
1974	1
1975	0
1976	1
1977	1
1978	1
1979	1
1980	1
1981	1
1982	0
1983	1
1984	1
1985	1
1986	1
1987	1
1988	1
1989	0
1990	0
1991	1
1992	1
1993	1
1994	0
1995	0
1996	0
1997	1
1998	0
1999	0
2000	0
2001	0
2002	0
2003	0
2004	1
2005	0
2006	0
2007	1
2008	1
2009	1
2010	0
2011	1
2012	1
2013	0
2014	0
2015	0
2016	1
2017	1
2018	1
2019	0
2020	0
2021	0
2022	1
2023	1
2024	1
2025	1
2026	1
2027	1
2028	1
2029	1
2030	1
2031	1
2032	1
2033	1
2034	0
2035	0
2036	0
2037	0
2038	0
2039	0
2040	0
2041	0
2042	0
2043	1
2044	0
2045	0
2046	1
2047	1
2048	1
2049	0
2050	0
2051	1
2052	0
2053	0
2054	0
2055	0
2056	0
2057	0
2058	0
2059	1
2060	1
2061	1
2062	0
2063	1
2064	1
2065	0
2066	1
2067	1
2068	1
2069	1
2070	1
2071	0
2072	0
2073	0
2074	1
2075	1
2076	0
2077	0
2078	0
2079	0
2080	0
2081	0
2082	0
2083	0
2084	1
2085	1
2086	0
2087	1
2088	1
2089	0
2090	0
2091	0
2092	0
2093	1
2094	0
2095	0
2096	1
2097	0
2098	1
2099	1
2100	1
2101	1
2102	0
2103	1
2104	1
2105	1
2106	1
2107	0
2108	0
2109	0
2110	1
2111	0
2112	1
2113	0
2114	0
2115	1
2116	0
2117	1
2118	1
2119	0
2120	1
2121	0
2122	0
2123	0
2124	0
2125	0
2126	0
2127	0
2128	0
2129	0
2130	0
2131	0
2132	0
2133	0
2134	1
2135	0
2136	1
2137	0
2138	0
2139	1
2140	1
2141	1
2142	0
2143	0
2144	0
2145	1
2146	1
2147	0
2148	1
2149	1
2150	1
2151	0
2152	0
2153	0
2154	0
2155	0
2156	0
2157	0
2158	0
2159	0
2160	0
2161	0
2162	0
2163	0
2164	0
2165	0
2166	0
2167	0
2168	1
2169	1
2170	1
2171	0
2172	1
2173	1
2174	1
2175	1
2176	1
2177	1
2178	1
2179	1
2180	1
2181	1
2182	1
2183	0
2184	0
2185	1
2186	1
2187	1
2188	0
2189	0
2190	0
2191	1
2192	1
2193	0
2194	0
2195	1
2196	1
2197	1
2198	1
2199	1
2200	1
2201	1
2202	1
2203	1
2204	1
2205	0
2206	0
2207	0
2208	1
2209	0
2210	0
2211	1
2212	0
2213	1
2214	1
2215	0
2216	0
2217	1
2218	1
2219	1
2220	1
2221	0
2222	0
2223	0
2224	0
2225	1
2226	1
2227	1
2228	1
2229	1
2230	1
2231	1
2232	0
2233	0
2234	1
2235	1
2236	0
2237	1
2238	1
2239	1
2240	1
2241	1
2242	1
2243	1
2244	0
2245	1
2246	0
2247	1
2248	1
2249	1
2250	1
2251	1
2252	1
2253	1
2254	1
2255	0
2256	0
2257	1
2258	1
2259	1
2260	0
2261	0
2262	1
2263	1
2264	1
2265	1
2266	0
2267	0
2268	1
2269	0
2270	1
2271	0
2272	1
2273	0
2274	0
2275	0
2276	1
2277	1
2278	0
2279	1
2280	1
2281	0
2282	0
2283	0
2284	0
2285	1
2286	0
2287	1
2288	0
2289	1
2290	1
2291	0
2292	0
2293	1
2294	0
2295	0
2296	1
2297	1
2298	1
2299	0
2300	0
2301	0
2302	0
2303	0
2304	0
2305	0
2306	1
2307	0
2308	1
2309	1
2310	1
2311	1
2312	1
2313	1
2314	1
2315	0
2316	1
2317	0
2318	1
2319	1
2320	0
2321	1
2322	1
2323	0
2324	0
2325	0
2326	1
2327	1
2328	1
2329	1
2330	0
2331	1
2332	1
2333	1
2334	0
2335	1
2336	1
2337	0
2338	1
2339	0
2340	1
2341	1
2342	1
2343	0
2344	0
2345	0
2346	0
2347	0
2348	0
2349	0
2350	0
2351	1
2352	0
2353	0
2354	0
2355	0
2356	0
2357	1
2358	0
2359	0
2360	0
2361	0
2362	0
2363	0
2364	0
2365	0
2366	0
2367	1
2368	0
2369	0
2370	1
2371	0
2372	0
2373	0
2374	1
2375	0
2376	0
2377	0
2378	0
2379	0
2380	0
2381	0
2382	0
2383	0
2384	0
2385	1
2386	0
2387	0
2388	0
2389	0
2390	0
2391	0
2392	0
2393	1
2394	1
2395	1
2396	1
2397	0
2398	1
2399	0
2400	0
2401	0
2402	1
2403	0
2404	0
2405	1
2406	1
2407	0
2408	1
2409	1
2410	1
2411	1
2412	1
2413	1
2414	0
2415	0
2416	0
2417	1
2418	1
2419	1
2420	1
2421	1
2422	0
2423	0
2424	1
2425	1
2426	0
2427	1
2428	1
2429	1
2430	1
2431	1
2432	1
2433	1
2434	0
2435	0
2436	1
2437	1
2438	1
2439	1
2440	1
2441	1
2442	1
2443	1
2444	1
2445	0
2446	0
2447	0
2448	0
2449	0
2450	0
2451	0
2452	1
2453	1
2454	1
2455	0
2456	1
2457	0
2458	1
2459	0
2460	0
2461	1
2462	1
2463	1
2464	1
2465	1
2466	1
2467	1
2468	1
2469	1
2470	1
2471	1
2472	1
2473	1
2474	0
2475	0
2476	0
2477	0
2478	0
2479	0
2480	0
2481	0
2482	0
2483	0
2484	0
2485	0
2486	0
2487	0
2488	0
2489	0
2490	1
2491	1
2492	0
2493	0
2494	0
2495	1
2496	1
2497	1
2498	1
2499	0
2500	1
2501	1
2502	1
2503	1
2504	1
2505	1
2506	1
2507	0
2508	1
2509	1
2510	0
2511	1
2512	1
2513	1
2514	1
2515	0
2516	1
2517	1
2518	0
2519	0
2520	0
2521	1
2522	1
2523	1
2524	1
2525	1
2526	1
2527	0
2528	1
2529	1
2530	1
2531	1
2532	0
2533	0
2534	0
2535	0
2536	1
2537	0
2538	1
2539	1
2540	1
2541	1
2542	1
2543	1
2544	1
2545	1
2546	0
2547	1
2548	1
2549	1
2550	1
2551	0
2552	0
2553	0
2554	0
2555	0
2556	0
2557	0
2558	0
2559	0
2560	0
2561	0
2562	0
2563	1
2564	0
2565	0
2566	0
2567	0
2568	0
2569	0
2570	1
2571	1
2572	1
2573	1
2574	0
2575	0
2576	0
2577	1
2578	1
2579	0
2580	0
2581	0
2582	0
2583	0
2584	0
2585	1
2586	0
2587	0
2588	0
2589	0
2590	0
2591	1
2592	1
2593	0
2594	0
2595	1
2596	0
2597	0
2598	0
2599	1
2600	1
2601	1
2602	1
2603	1
2604	1
2605	0
2606	1
2607	1
2608	1
2609	1
2610	0
2611	1
2612	1
2613	1
2614	0
2615	0
2616	0
2617	1
2618	0
2619	0
2620	1
2621	1
2622	0
2623	1
2624	1
2625	1
2626	0
2627	0
2628	1
2629	1
2630	0
2631	0
2632	1
2633	1
2634	1
2635	1
2636	0
2637	0
2638	0
2639	1
2640	0
2641	0
2642	0
2643	0
2644	1
2645	1
2646	1
2647	1
2648	0
2649	0
2650	1
2651	1
2652	0
2653	0
2654	1
2655	1
2656	0
2657	1
2658	1
2659	1
2660	1
2661	0
2662	0
2663	0
2664	1
2665	0
2666	0
2667	0
2668	0
2669	1
2670	0
2671	0
2672	1
2673	1
2674	0
2675	1
2676	1
2677	0
2678	1
2679	0
2680	1
2681	0
2682	1
2683	0
2684	0
2685	1
2686	0
2687	0
2688	0
2689	1
2690	0
2691	1
2692	0
2693	0
2694	0
2695	1
2696	1
2697	1
2698	1
2699	1
2700	1
2701	1
2702	0
2703	0
2704	1
2705	0
2706	0
2707	0
2708	0
2709	0
2710	0
2711	1
2712	0
2713	1
2714	1
2715	0
2716	0
2717	1
2718	1
2719	1
2720	1
2721	0
2722	0
2723	0
2724	0
2725	0
2726	0
2727	1
2728	0
2729	1
2730	1
2731	0
2732	1
2733	0
2734	0
2735	1
2736	1
2737	1
2738	1
2739	1
2740	1
2741	1
2742	1
2743	1
2744	1
2745	0
2746	0
2747	0
2748	0
2749	0
2750	1
2751	1
2752	1
2753	0
2754	0
2755	0
2756	0
2757	0
2758	1
2759	1
2760	1
2761	0
2762	0
2763	1
2764	0
2765	0
2766	1
2767	0
2768	1
2769	1
2770	1
2771	1
2772	0
2773	0
2774	0
2775	1
2776	1
2777	1
2778	1
2779	1
2780	0
2781	1
2782	1
2783	1
2784	1
2785	1
2786	0
2787	0
2788	1
2789	1
2790	0
2791	0
2792	0
2793	0
2794	0
2795	0
2796	1
2797	1
2798	1
2799	0
2800	1
2801	1
2802	1
2803	1
2804	1
2805	1
2806	1
2807	1
2808	1
2809	0
2810	1
2811	1
2812	1
2813	1
2814	0
2815	1
2816	0
2817	0
2818	0
2819	0
2820	1
2821	0
2822	0
2823	0
2824	0
2825	0
2826	0
2827	1
2828	0
2829	0
2830	1
2831	1
2832	0
2833	0
2834	1
2835	0
2836	0
2837	1
2838	1
2839	0
2840	0
2841	1
2842	1
2843	1
2844	0
2845	0
2846	0
2847	1
2848	0
2849	0
2850	1
2851	1
2852	1
2853	1
2854	0
2855	0
2856	0
2857	1
2858	1
2859	1
2860	0
2861	0
2862	1
2863	1
2864	1
2865	1
2866	1
2867	1
2868	0
2869	1
2870	0
2871	1
2872	0
2873	1
2874	0
2875	1
2876	1
2877	1
2878	1
2879	1
2880	1
2881	1
2882	1
2883	1
2884	1
2885	1
2886	1
2887	1
2888	1
2889	0
2890	1
2891	0
2892	0
2893	0
2894	0
2895	0
2896	0
2897	0
2898	1
2899	0
2900	1
2901	0
2902	1
2903	1
2904	0
2905	1
2906	0
2907	0
2908	0
2909	1
2910	1
2911	1
2912	1
2913	1
2914	1
2915	0
2916	0
2917	0
2918	0
2919	1
2920	1
2921	1
2922	0
2923	0
2924	1
2925	1
2926	1
2927	0
2928	1
2929	1
2930	1
2931	0
2932	1
2933	0
2934	0
2935	0
2936	1
2937	1
2938	1
2939	1
2940	0
2941	1
2942	1
2943	1
2944	1
2945	1
2946	1
2947	1
2948	1
2949	0
2950	0
2951	1
2952	1
2953	1
2954	1
2955	0
2956	1
2957	1
2958	0
2959	1
2960	1
2961	0
2962	1
2963	0
2964	0
2965	1
2966	0
2967	0
2968	1
2969	1
2970	1
2971	0
2972	0
2973	0
2974	1
2975	1
2976	1
2977	1
2978	0
2979	0
2980	0
2981	1
2982	0
2983	1
2984	1
2985	1
2986	1
2987	1
2988	1
2989	1
2990	1
2991	1
2992	1
2993	1
2994	1
2995	1
2996	1
2997	0
2998	0
2999	0
3000	1
3001	1
3002	0
3003	1
3004	1
3005	1
3006	1
3007	0
3008	0
3009	1
3010	1
3011	1
3012	1
3013	0
3014	1
3015	1
3016	0
3017	1
3018	1
3019	1
3020	1
3021	1
3022	1
3023	1
3024	0
3025	1
3026	0
3027	0
3028	0
3029	1
3030	0
3031	1
3032	1
3033	1
3034	1
3035	0
3036	1
3037	0
3038	1
3039	1
3040	0
3041	0
3042	1
3043	1
3044	1
3045	1
3046	1
3047	0
3048	1
3049	1
3050	1
3051	0
3052	0
3053	0
3054	1
3055	1
3056	0
3057	0
3058	0
3059	1
3060	1
3061	1
3062	0
3063	0
3064	0
3065	0
3066	1
3067	1
3068	0
3069	0
3070	0
3071	1
3072	0
3073	1
3074	1
3075	1
3076	0
3077	0
3078	1
3079	1
3080	0
3081	0
3082	0
3083	0
3084	0
3085	0
3086	0
3087	0
3088	0
3089	0
3090	0
3091	0
3092	0
3093	0
3094	0
3095	0
3096	1
3097	0
3098	0
3099	0
3100	1
3101	1
3102	0
3103	1
3104	1
3105	1
3106	1
3107	0
3108	0
3109	1
3110	0
3111	1
3112	0
3113	0
3114	0
3115	1
3116	0
3117	0
3118	1
3119	0
3120	1
3121	1
3122	1
3123	1
3124	0
3125	1
3126	1
3127	1
3128	1
3129	1
3130	1
3131	1
3132	1
3133	1
3134	1
3135	1
3136	1
3137	1
3138	1
3139	1
3140	0
3141	0
3142	0
3143	0
3144	0
3145	1
3146	1
3147	1
3148	1
3149	0
3150	1
3151	1
3152	1
3153	0
3154	0
3155	1
3156	0
3157	0
3158	0
3159	0
3160	0
3161	0
3162	1
3163	1
3164	0
3165	1
3166	1
3167	1
3168	0
3169	1
3170	1
3171	0
3172	0
3173	0
3174	0
3175	0
3176	0
3177	0
3178	1
3179	0
3180	0
3181	1
3182	0
3183	1
3184	1
3185	1
3186	0
3187	0
3188	1
3189	0
3190	1
3191	0
3192	1
3193	1
3194	1
3195	1
3196	0
3197	0
3198	0
3199	0
3200	0
3201	0
3202	0
3203	0
3204	1
3205	1
3206	0
3207	1
3208	1
3209	0
3210	1
3211	1
3212	1
3213	0
3214	1
3215	1
3216	1
3217	1
3218	1
3219	0
3220	1
3221	0
3222	1
3223	1
3224	0
3225	0
3226	0
3227	0
3228	0
3229	0
3230	1
3231	0
3232	1
3233	1
3234	1
3235	0
3236	0
3237	1
3238	0
3239	1
3240	1
3241	1
3242	0
3243	0
3244	0
3245	0
3246	1
3247	0
3248	0
3249	0
3250	0
3251	0
3252	0
3253	1
3254	0
3255	1
3256	1
3257	0
3258	1
3259	1
3260	1
3261	1
3262	1
3263	1
3264	1
3265	1
3266	1
3267	1
3268	1
3269	1
3270	1
3271	1
3272	1
3273	1
3274	0
3275	1
3276	0
3277	1
3278	1
3279	1
3280	1
3281	1
3282	1
3283	1
3284	1
3285	1
3286	0
3287	1
3288	0
3289	1
3290	1
3291	1
3292	1
3293	1
3294	1
3295	1
3296	1
3297	1
3298	1
3299	1
3300	1
3301	1
3302	1
3303	0
3304	1
3305	0
3306	1
3307	0
3308	0
3309	1
3310	1
3311	1
3312	0
3313	0
3314	0
3315	0
3316	1
3317	1
3318	1
3319	0
3320	1
3321	1
3322	1
3323	1
3324	0
3325	1
3326	1
3327	1
3328	0
3329	1
3330	0
3331	1
3332	0
3333	1
3334	0
3335	0
3336	0
3337	0
3338	1
3339	0
3340	1
3341	1
3342	1
3343	0
3344	0
3345	0
3346	0
3347	1
3348	0
3349	0
3350	0
3351	0
3352	0
3353	0
3354	1
3355	1
3356	0
3357	1
3358	0
3359	1
3360	1
3361	1
3362	1
3363	1
3364	1
3365	1
3366	1
3367	1
3368	1
3369	1
3370	1
3371	1
3372	1
3373	0
3374	0
3375	0
3376	1
3377	1
3378	1
3379	1
3380	1
3381	1
3382	1
3383	0
3384	0
3385	1
3386	1
3387	1
3388	1
3389	1
3390	1
3391	1
3392	1
3393	0
3394	0
3395	0
3396	1
3397	1
3398	0
3399	0
3400	1
3401	0
3402	1
3403	1
3404	0
3405	0
3406	1
3407	1
3408	1
3409	1
3410	1
3411	1
3412	1
3413	1
3414	0
3415	1
3416	0
3417	0
3418	0
3419	1
3420	0
3421	0
3422	0
3423	1
3424	0
3425	0
3426	0
3427	1
3428	1
3429	0
3430	1
3431	1
3432	0
3433	0
3434	1
3435	1
3436	1
3437	0
3438	1
3439	0
3440	1
3441	0
3442	0
3443	0
3444	1
3445	1
3446	1
3447	1
3448	1
3449	1
3450	1
3451	0
3452	1
3453	0
3454	0
3455	0
3456	0
3457	0
3458	0
3459	0
3460	0
3461	0
3462	0
3463	0
3464	0
3465	0
3466	0
3467	0
3468	0
3469	0
3470	0
3471	0
3472	0
3473	0
3474	0
3475	1
3476	1
3477	1
3478	0
3479	1
3480	1
3481	1
3482	0
3483	1
3484	1
3485	0
3486	1
3487	1
3488	1
3489	1
3490	1
3491	0
3492	1
3493	0
3494	0
3495	1
3496	1
3497	1
3498	1
3499	1
3500	1
3501	1
3502	1
3503	1
3504	1
3505	0
3506	0
3507	1
3508	0
3509	0
3510	0
3511	1
3512	1
3513	0
3514	1
3515	1
3516	1
3517	1
3518	1
3519	1
3520	1
3521	1
3522	0
3523	1
3524	1
3525	0
3526	1
3527	1
3528	1
3529	1
3530	1
3531	0
3532	1
3533	1
3534	1
3535	1
3536	1
3537	0
3538	1
3539	0
3540	1
3541	1
3542	1
3543	0
3544	1
3545	0
3546	0
3547	1
3548	0
3549	1
3550	0
3551	0
3552	0
3553	0
3554	0
3555	1
3556	1
3557	1
3558	1
3559	1
3560	0
3561	0
3562	1
3563	0
3564	1
3565	0
3566	1
3567	0
3568	1
3569	1
3570	1
3571	1
3572	1
3573	1
3574	0
3575	1
3576	1
3577	1
3578	1
3579	1
3580	1
3581	0
3582	0
3583	0
3584	1
3585	0
3586	0
3587	0
3588	0
3589	0
3590	0
3591	1
3592	1
3593	1
3594	0
3595	0
3596	1
3597	0
3598	1
3599	0
3600	0
3601	0
3602	0
3603	0
3604	0
3605	0
3606	0
3607	0
3608	0
3609	0
3610	0
3611	1
3612	1
3613	1
3614	0
3615	0
3616	0
3617	0
3618	0
3619	1
3620	1
3621	0
3622	0
3623	0
3624	1
3625	0
3626	0
3627	1
3628	0
3629	1
3630	1
3631	0
3632	0
3633	1
3634	1
3635	1
3636	0
3637	0
3638	1
3639	1
3640	1
3641	0
3642	0
3643	0
3644	1
3645	0
3646	0
3647	0
3648	0
3649	1
3650	1
3651	0
3652	0
3653	1
3654	1
3655	0
3656	0
3657	0
3658	0
3659	0
3660	0
3661	1
3662	1
3663	0
3664	0
3665	0
3666	1
3667	1
3668	1
3669	1
3670	0
3671	0
3672	1
3673	1
3674	0
3675	1
3676	1
3677	0
3678	1
3679	1
3680	1
3681	1
3682	0
3683	0
3684	1
3685	1
3686	0
3687	0
3688	0
3689	1
3690	0
3691	1
3692	1
3693	1
3694	1
3695	1
3696	1
3697	1
3698	0
3699	1
3700	1
3701	0
3702	1
3703	1
3704	1
3705	0
3706	1
3707	0
3708	0
3709	1
3710	1
3711	1
3712	1
3713	1
3714	1
3715	1
3716	1
3717	1
3718	1
3719	1
3720	1
3721	1
3722	1
3723	1
3724	1
3725	1
3726	1
3727	1
3728	1
3729	0
3730	0
3731	0
3732	0
3733	1
3734	0
3735	0
3736	0
3737	1
3738	0
3739	0
3740	0
3741	1
3742	0
3743	1
3744	1
3745	1
3746	1
3747	0
3748	0
3749	1
3750	0
3751	0
3752	0
3753	1
3754	0
3755	1
3756	1
3757	0
3758	0
3759	1
3760	1
3761	1
3762	1
3763	1
3764	1
3765	1
3766	0
3767	0
3768	0
3769	0
3770	1
3771	1
3772	0
3773	0
3774	1
3775	1
3776	1
3777	0
3778	0
3779	0
3780	1
3781	0
3782	0
3783	1
3784	0
3785	1
3786	0
3787	0
3788	1
3789	1
3790	1
3791	1
3792	1
3793	1
3794	1
3795	0
3796	1
3797	1
3798	0
3799	1
3800	1
3801	1
3802	1
3803	1
3804	1
3805	1
3806	1
3807	1
3808	1
3809	1
3810	1
3811	1
3812	1
3813	1
3814	1
3815	1
3816	1
3817	1
3818	1
3819	1
3820	1
3821	1
3822	1
3823	1
3824	1
3825	1
3826	1
3827	0
3828	0
3829	0
3830	0
3831	1
3832	1
3833	0
3834	1
3835	1
3836	1
3837	1
3838	1
3839	1
3840	1
3841	1
3842	1
3843	1
3844	1
3845	1
3846	1
3847	0
3848	1
3849	1
3850	1
3851	1
3852	1
3853	0
3854	1
3855	1
3856	0
3857	0
3858	1
3859	1
3860	1
3861	1
3862	1
3863	1
3864	1
3865	1
3866	0
3867	0
3868	1
3869	1
3870	1
3871	1
3872	1
3873	1
3874	1
3875	0
3876	1
3877	1
3878	1
3879	0
3880	1
3881	0
3882	0
3883	0
3884	0
3885	1
3886	0
3887	1
3888	1
3889	0
3890	0
3891	1
3892	0
3893	1
3894	0
3895	1
3896	1
3897	0
3898	0
3899	0
3900	0
3901	0
3902	0
3903	0
3904	0
3905	1
3906	1
3907	0
3908	1
3909	1
3910	1
3911	1
3912	1
3913	1
3914	1
3915	1
3916	1
3917	1
3918	0
3919	0
3920	1
3921	1
3922	1
3923	1
3924	1
3925	1
3926	1
3927	1
3928	1
3929	1
3930	0
3931	1
3932	1
3933	0
3934	1
3935	1
3936	0
3937	0
3938	0
3939	1
3940	0
3941	0
3942	0
3943	0
3944	1
3945	1
3946	1
3947	0
3948	0
3949	1
3950	1
3951	0
3952	0
3953	0
3954	0
3955	0
3956	1
3957	0
3958	1
3959	1
3960	0
3961	0
3962	0
3963	0
3964	1
3965	0
3966	0
3967	0
3968	0
3969	1
3970	1
3971	0
3972	0
3973	0
3974	1
3975	1
3976	1
3977	1
3978	1
3979	1
3980	1
3981	1
3982	1
3983	1
3984	1
3985	0
3986	1
3987	1
3988	0
3989	1
3990	1
3991	0
3992	1
3993	1
3994	1
3995	1
3996	1
3997	1
3998	1
3999	1
4000	0
4001	1
4002	0
4003	1
4004	1
4005	0
4006	1
4007	1
4008	0
4009	0
4010	0
4011	1
4012	1
4013	1
4014	1
4015	0
4016	0
4017	0
4018	0
4019	1
4020	1
4021	1
4022	0
4023	0
4024	0
4025	0
4026	1
4027	0
4028	1
4029	1
4030	1
4031	1
4032	1
4033	0
4034	0
4035	0
4036	1
4037	1
4038	0
4039	0
4040	1
4041	0
4042	0
4043	1
4044	0
4045	0
4046	0
4047	1
4048	1
4049	1
4050	0
4051	1
4052	1
4053	0
4054	1
4055	1
4056	1
4057	0
4058	0
4059	1
4060	0
4061	1
4062	0
4063	1
4064	1
4065	1
4066	1
4067	1
4068	1
4069	1
4070	1
4071	1
4072	1
4073	1
4074	1
4075	1
4076	1
4077	1
4078	0
4079	1
4080	1
4081	0
4082	1
4083	1
4084	1
4085	1
4086	1
4087	1
4088	1
4089	1
4090	1
4091	1
4092	0
4093	0
4094	0
4095	0
4096	0
4097	0
4098	0
4099	1
4100	0
4101	1
4102	0
4103	1
4104	0
4105	1
4106	1
4107	1
4108	1
4109	1
4110	1
4111	1
4112	0
4113	1
4114	1
4115	1
4116	0
4117	0
4118	0
4119	0
4120	0
4121	1
4122	1
4123	0
4124	1
4125	0
4126	1
4127	0
4128	1
4129	1
4130	1
4131	0
4132	1
4133	0
4134	0
4135	1
4136	1
4137	0
4138	1
4139	0
4140	0
4141	1
4142	0
4143	1
4144	1
4145	0
4146	1
4147	1
4148	1
4149	0
4150	0
4151	0
4152	0
4153	0
4154	0
4155	0
4156	0
4157	0
4158	0
4159	0
4160	1
4161	0
4162	1
4163	1
4164	0
4165	0
4166	1
4167	0
4168	0
4169	0
4170	0
4171	1
4172	1
4173	1
4174	1
4175	1
4176	1
4177	0
4178	1
4179	1
4180	1
4181	1
4182	1
4183	1
4184	0
4185	1
4186	1
4187	0
4188	1
4189	0
4190	1
4191	1
4192	0
4193	1
4194	1
4195	1
4196	1
4197	1
4198	0
4199	0
4200	1
4201	1
4202	0
4203	0
4204	0
4205	1
4206	0
4207	1
4208	1
4209	0
4210	0
4211	1
4212	1
4213	0
4214	0
4215	1
4216	1
4217	0
4218	0
4219	0
4220	1
4221	1
4222	0
4223	0
4224	0
4225	1
4226	0
4227	0
4228	0
4229	0
4230	0
4231	0
4232	0
4233	1
4234	0
4235	1
4236	0
4237	1
4238	1
4239	1
4240	1
4241	1
4242	0
4243	0
4244	1
4245	0
4246	0
4247	0
4248	1
4249	0
4250	0
4251	0
4252	1
4253	1
4254	0
4255	1
4256	1
4257	1
4258	0
4259	0
4260	0
4261	1
4262	1
4263	1
4264	0
4265	1
4266	1
4267	0
4268	0
4269	1
4270	1
4271	0
4272	0
4273	1
4274	1
4275	0
4276	0
4277	1
4278	0
4279	1
4280	0
4281	1
4282	1
4283	0
4284	0
4285	0
4286	0
4287	1
4288	1
4289	1
4290	1
4291	1
4292	1
4293	1
4294	1
4295	1
4296	1
4297	1
4298	1
4299	1
4300	1
4301	0
4302	0
4303	1
4304	0
4305	1
4306	1
4307	0
4308	1
4309	1
4310	1
4311	1
4312	1
4313	1
4314	0
4315	1
4316	1
4317	1
4318	0
4319	1
4320	1
4321	1
4322	1
4323	0
4324	0
4325	1
4326	1
4327	0
4328	0
4329	0
4330	1
4331	0
4332	1
4333	1
4334	1
4335	0
4336	0
4337	1
4338	0
4339	1
4340	1
4341	0
4342	0
4343	0
4344	0
4345	0
4346	1
4347	0
4348	1
4349	1
4350	0
4351	0
4352	1
4353	1
4354	1
4355	1
4356	0
4357	0
4358	1
4359	1
4360	0
4361	1
4362	0
4363	1
4364	0
4365	1
4366	1
4367	0
4368	1
4369	1
4370	1
4371	1
4372	1
4373	1
4374	1
4375	1
4376	1
4377	1
4378	1
4379	1
4380	1
4381	1
4382	1
4383	1
4384	1
4385	1
4386	1
4387	1
4388	1
4389	1
4390	1
4391	1
4392	1
4393	1
4394	1
4395	1
4396	1
4397	1
4398	1
4399	1
4400	1
4401	1
4402	0
4403	1
4404	0
4405	1
4406	0
4407	0
4408	0
4409	0
4410	0
4411	1
4412	0
4413	1
4414	1
4415	1
4416	1
4417	1
4418	1
4419	0
4420	1
4421	1
4422	0
4423	1
4424	0
4425	0
4426	1
4427	0
4428	0
4429	0
4430	0
4431	0
4432	1
4433	0
4434	0
4435	0
4436	0
4437	0
4438	0
4439	0
4440	0
4441	0
4442	0
4443	0
4444	0
4445	0
4446	0
4447	0
4448	0
4449	0
4450	0
4451	0
4452	0
4453	1
4454	1
4455	0
4456	1
4457	1
4458	1
4459	0
4460	0
4461	1
4462	1
4463	0
4464	0
4465	0
4466	1
4467	1
4468	1
4469	0
4470	1
4471	1
4472	1
4473	1
4474	1
4475	1
4476	1
4477	1
4478	1
4479	1
4480	1
4481	0
4482	1
4483	1
4484	0
4485	1
4486	0
4487	1
4488	1
4489	1
4490	0
4491	1
4492	1
4493	1
4494	1
4495	1
4496	1
4497	1
4498	1
4499	1
4500	1
4501	1
4502	1
4503	0
4504	0
4505	1
4506	1
4507	1
4508	1
4509	0
4510	1
4511	1
4512	1
4513	1
4514	1
4515	1
4516	1
4517	1
4518	1
4519	1
4520	1
4521	1
4522	1
4523	1
4524	1
4525	1
4526	1
4527	1
4528	1
4529	1
4530	1
4531	0
4532	1
4533	1
4534	1
4535	1
4536	1
4537	0
4538	1
4539	1
4540	1
4541	1
4542	1
4543	1
4544	1
4545	1
4546	1
4547	1
4548	1
4549	1
4550	1
4551	0
4552	1
4553	1
4554	1
4555	0
4556	1
4557	0
4558	1
4559	1
4560	0
4561	0
4562	1
4563	1
4564	1
4565	1
4566	1
4567	1
4568	0
4569	1
4570	1
4571	0
4572	0
4573	0
4574	0
4575	0
4576	1
4577	0
4578	1
4579	1
4580	0
4581	0
4582	0
4583	1
4584	0
4585	1
4586	1
4587	1
4588	1
4589	1
4590	1
4591	1
4592	0
4593	1
4594	1
4595	0
4596	1
4597	0
4598	0
4599	0
4600	1
4601	0
4602	1
4603	1
4604	1
4605	1
4606	1
4607	1
4608	1
4609	1
4610	1
4611	1
4612	1
4613	1
4614	0
4615	0
4616	1
4617	0
4618	1
4619	1
4620	0
4621	1
4622	1
4623	0
4624	1
4625	0
4626	1
4627	1
4628	1
4629	1
4630	0
4631	0
4632	1
4633	1
4634	0
4635	0
4636	0
4637	1
4638	0
4639	0
4640	0
4641	1
4642	1
4643	1
4644	1
4645	1
4646	1
4647	1
4648	1
4649	0
4650	1
4651	1
4652	1
4653	0
4654	0
4655	0
4656	0
4657	0
4658	1
4659	1
4660	1
4661	0
4662	1
4663	0
4664	1
4665	1
4666	0
4667	0
4668	1
4669	0
4670	1
4671	1
4672	1
4673	1
4674	0
4675	1
4676	1
4677	1
4678	1
4679	1
4680	1
4681	1
4682	1
4683	1
4684	1
4685	1
4686	1
4687	1
4688	1
4689	1
4690	1
4691	1
4692	1
4693	1
4694	1
4695	1
4696	1
4697	1
4698	1
4699	0
4700	1
4701	1
4702	1
4703	1
4704	1
4705	0
4706	0
4707	1
4708	0
4709	1
4710	1
4711	1
4712	1
4713	1
4714	1
4715	1
4716	1
4717	1
4718	1
4719	1
4720	0
4721	1
4722	0
4723	1
4724	0
4725	0
4726	1
4727	1
4728	1
4729	0
4730	1
4731	1
4732	1
4733	0
4734	1
4735	1
4736	0
4737	0
4738	1
4739	0
4740	1
4741	1
4742	1
4743	1
4744	1
4745	1
4746	1
4747	1
4748	1
4749	1
4750	1
4751	0
4752	1
4753	1
4754	1
4755	0
4756	0
4757	0
4758	0
4759	0
4760	0
4761	0
4762	0
4763	1
4764	1
4765	1
4766	1
4767	0
4768	0
4769	1
4770	0
4771	0
4772	1
4773	1
4774	1
4775	0
4776	1
4777	0
4778	1
4779	1
4780	0
4781	1
4782	1
4783	1
4784	1
4785	1
4786	1
4787	1
4788	0
4789	1
4790	0
4791	0
4792	0
4793	0
4794	0
4795	1
4796	1
4797	1
4798	1
4799	1
4800	1
4801	1
4802	1
4803	0
4804	1
4805	1
4806	0
4807	1
4808	0
4809	0
4810	0
4811	0
4812	0
4813	0
4814	0
4815	0
4816	0
4817	1
4818	0
4819	0
4820	1
4821	0
4822	1
4823	1
4824	1
4825	0
4826	0
4827	0
4828	0
4829	0
4830	1
4831	1
4832	1
4833	0
4834	0
4835	0
4836	0
4837	0
4838	0
4839	0
4840	0
4841	0
4842	0
4843	0
4844	0
4845	1
4846	1
4847	1
4848	1
4849	0
4850	1
4851	0
4852	1
4853	0
4854	1
4855	1
4856	1
4857	1
4858	1
4859	0
4860	0
4861	1
4862	0
4863	1
4864	1
4865	1
4866	1
4867	1
4868	1
4869	1
4870	1
4871	1
4872	0
4873	0
4874	1
4875	0
4876	0
4877	1
4878	1
4879	0
4880	0
4881	1
4882	1
4883	1
4884	1
4885	1
4886	1
4887	1
4888	1
4889	1
4890	1
4891	1
4892	1
4893	1
4894	0
4895	1
4896	1
4897	1
4898	1
4899	1
4900	1
4901	1
4902	0
4903	1
4904	1
4905	1
4906	1
4907	1
4908	1
4909	0
4910	1
4911	1
4912	1
4913	1
4914	1
4915	1
4916	1
4917	1
4918	1
4919	0
4920	1
4921	1
4922	0
4923	0
4924	1
4925	1
4926	1
4927	1
4928	1
4929	1
4930	1
4931	0
4932	0
4933	1
4934	1
4935	1
4936	1
4937	1
4938	1
4939	1
4940	1
4941	0
4942	1
4943	0
4944	0
4945	0
4946	0
4947	0
4948	1
4949	1
4950	1
4951	1
4952	1
4953	1
4954	1
4955	1
4956	1
4957	1
4958	1
4959	1
4960	1
4961	1
4962	1
4963	1
4964	1
4965	1
4966	1
4967	1
4968	1
4969	1
4970	1
4971	1
4972	1
4973	1
4974	1
4975	1
4976	0
4977	0
4978	0
4979	0
4980	0
4981	1
4982	1
4983	1
4984	1
4985	1
4986	1
4987	1
4988	0
4989	1
4990	1
4991	1
4992	1
4993	1
4994	1
4995	1
4996	1
4997	0
4998	0
4999	0
5000	0
5001	1
5002	1
5003	0
5004	0
5005	1
5006	1
5007	1
5008	1
5009	1
5010	0
5011	1
5012	1
5013	1
5014	1
5015	0
5016	1
5017	0
5018	1
5019	1
5020	1
5021	1
5022	1
5023	1
5024	1
5025	1
5026	1
5027	1
5028	1
5029	1
5030	1
5031	1
5032	0
5033	1
5034	1
5035	0
5036	0
5037	0
5038	1
5039	0
5040	0
5041	1
5042	0
5043	0
5044	1
5045	1
5046	1
5047	1
5048	1
5049	1
5050	1
5051	1
5052	1
5053	1
5054	0
5055	0
5056	1
5057	1
5058	0
5059	1
5060	0
5061	0
5062	0
5063	1
5064	1
5065	1
5066	1
5067	0
5068	0
5069	0
5070	0
5071	1
5072	1
5073	1
5074	0
5075	1
5076	1
5077	1
5078	1
5079	1
5080	1
5081	0
5082	1
5083	0
5084	0
5085	1
5086	0
5087	1
5088	1
5089	1
5090	1
5091	0
5092	1
5093	0
5094	0
5095	1
5096	1
5097	0
5098	0
5099	0
5100	0
5101	0
5102	1
5103	1
5104	0
5105	0
5106	0
5107	1
5108	1
5109	1
5110	0
5111	1
5112	0
5113	0
5114	0
5115	1
5116	1
5117	1
5118	1
5119	0
5120	0
5121	1
5122	1
5123	1
5124	0
5125	0
5126	0
5127	1
5128	1
5129	0
5130	1
5131	0
5132	1
5133	0
5134	0
5135	1
5136	1
5137	1
5138	0
5139	1
5140	1
5141	1
5142	1
5143	0
5144	0
5145	1
5146	1
5147	1
5148	1
5149	0
5150	0
5151	0
5152	1
5153	1
5154	1
5155	1
5156	1
5157	1
5158	1
5159	1
5160	1
5161	0
5162	1
5163	0
5164	1
5165	1
5166	0
5167	1
5168	0
5169	0
5170	0
5171	0
5172	1
5173	0
5174	0
5175	0
5176	0
5177	0
5178	0
5179	0
5180	0
5181	0
5182	0
5183	0
5184	0
5185	0
5186	0
5187	0
5188	0
5189	0
5190	0
5191	0
5192	1
5193	1
5194	1
5195	1
5196	1
5197	0
5198	0
5199	0
5200	1
5201	0
5202	0
5203	0
5204	1
5205	0
5206	1
5207	0
5208	1
5209	0
5210	1
5211	0
5212	0
5213	0
5214	1
5215	0
5216	0
5217	0
5218	1
5219	1
5220	1
5221	1
5222	1
5223	0
5224	1
5225	0
5226	1
5227	1
5228	1
5229	0
5230	1
5231	1
5232	1
5233	1
5234	1
5235	1
5236	1
5237	1
5238	0
5239	1
5240	0
5241	1
5242	1
5243	0
5244	1
5245	1
5246	1
5247	1
5248	1
5249	1
5250	1
5251	1
5252	1
5253	1
5254	1
5255	1
5256	1
5257	0
5258	0
5259	0
5260	0
5261	0
5262	0
5263	0
5264	0
5265	0
5266	1
5267	1
5268	0
5269	0
5270	0
5271	1
5272	1
5273	0
5274	1
5275	1
5276	0
5277	1
5278	0
5279	0
5280	0
5281	1
5282	1
5283	1
5284	1
5285	1
5286	0
5287	1
5288	1
5289	0
5290	1
5291	0
5292	1
5293	1
5294	1
5295	1
5296	1
5297	1
5298	1
5299	1
5300	1
5301	1
5302	0
5303	0
5304	0
5305	1
5306	1
5307	0
5308	0
5309	0
5310	1
5311	1
5312	1
5313	0
5314	1
5315	1
5316	1
5317	1
5318	1
5319	1
5320	0
5321	1
5322	0
5323	1
5324	0
5325	0
5326	1
5327	1
5328	0
5329	0
5330	0
5331	1
5332	1
5333	1
5334	1
5335	0
5336	1
5337	1
5338	1
5339	1
5340	1
5341	1
5342	1
5343	1
5344	1
5345	0
5346	1
5347	0
5348	0
5349	1
5350	1
5351	1
5352	1
5353	1
5354	1
5355	1
5356	1
5357	1
5358	0
5359	1
5360	0
5361	1
5362	1
5363	1
5364	0
5365	1
5366	1
5367	1
5368	1
5369	1
5370	0
5371	1
5372	1
5373	0
5374	0
5375	1
5376	1
5377	1
5378	0
5379	0
5380	1
5381	0
5382	0
5383	1
5384	0
5385	1
5386	0
5387	0
5388	0
5389	0
5390	1
5391	1
5392	1
5393	1
5394	1
5395	1
5396	1
5397	1
5398	1
5399	1
5400	0
5401	0
5402	1
5403	1
5404	1
5405	0
5406	0
5407	1
5408	1
5409	1
5410	1
5411	1
5412	1
5413	1
5414	0
5415	0
5416	1
5417	0
5418	1
5419	1
5420	1
5421	1
5422	0
5423	1
5424	0
5425	1
5426	0
5427	0
5428	1
5429	1
5430	1
5431	1
5432	1
5433	1
5434	0
5435	0
5436	0
5437	0
5438	0
5439	0
5440	1
5441	0
5442	0
5443	0
5444	1
5445	0
5446	0
5447	1
5448	0
5449	0
5450	0
5451	0
5452	0
5453	1
5454	0
5455	1
5456	1
5457	1
5458	1
5459	1
5460	1
5461	0
5462	1
5463	1
5464	0
5465	1
5466	0
5467	1
5468	1
5469	1
5470	1
5471	0
5472	0
5473	1
5474	0
5475	0
5476	0
5477	1
5478	0
5479	1
5480	1
5481	1
5482	1
5483	1
5484	0
5485	0
5486	0
5487	1
5488	1
5489	1
5490	1
5491	1
5492	1
5493	1
5494	1
5495	1
5496	1
5497	1
5498	0
5499	0
5500	1
5501	1
5502	1
5503	1
5504	0
5505	0
5506	0
5507	0
5508	1
5509	0
5510	0
5511	0
5512	0
5513	1
5514	1
5515	1
5516	1
5517	1
5518	1
5519	1
5520	1
5521	1
5522	1
5523	0
5524	1
5525	0
5526	1
5527	0
5528	0
5529	1
5530	1
5531	0
5532	1
5533	1
5534	1
5535	1
5536	1
5537	1
5538	0
5539	1
5540	1
5541	1
5542	1
5543	0
5544	0
5545	0
5546	1
5547	1
5548	1
5549	0
5550	1
5551	1
5552	0
5553	1
5554	0
5555	1
5556	1
5557	1
5558	0
5559	1
5560	1
5561	1
5562	1
5563	1
5564	1
5565	1
5566	1
5567	0
5568	1
5569	0
5570	1
5571	0
5572	1
5573	1
5574	1
5575	1
5576	0
5577	1
5578	1
5579	1
5580	1
5581	0
5582	1
5583	0
5584	1
5585	1
5586	1
5587	1
5588	1
5589	1
5590	1
5591	1
5592	1
5593	1
5594	1
5595	1
5596	0
5597	1
5598	1
5599	1
5600	1
5601	1
5602	1
5603	1
5604	1
5605	1
5606	1
5607	1
5608	1
5609	1
5610	1
5611	1
5612	1
5613	1
5614	1
5615	1
5616	1
5617	1
5618	1
5619	0
5620	0
5621	1
5622	0
5623	1
5624	1
5625	1
5626	0
5627	0
5628	1
5629	1
5630	1
5631	0
5632	0
5633	1
5634	1
5635	0
5636	1
5637	1
5638	1
5639	1
5640	1
5641	0
5642	0
5643	1
5644	1
5645	1
5646	1
5647	1
5648	1
5649	0
5650	0
5651	1
5652	0
5653	1
5654	1
5655	1
5656	1
5657	0
5658	1
5659	1
5660	1
5661	0
5662	1
5663	1
5664	0
5665	1
5666	0
5667	0
5668	1
5669	1
5670	1
5671	1
5672	1
5673	1
5674	0
5675	0
5676	1
5677	1
5678	1
5679	0
5680	1
5681	1
5682	1
5683	0
5684	1
5685	1
5686	0
5687	1
5688	1
5689	0
5690	1
5691	0
5692	0
5693	1
5694	0
5695	0
5696	1
5697	1
5698	1
5699	0
5700	0
5701	1
5702	0
5703	0
5704	1
5705	0
5706	0
5707	1
5708	1
5709	1
5710	1
5711	1
5712	1
5713	0
5714	1
5715	0
5716	1
5717	1
5718	1
5719	1
5720	1
5721	1
5722	1
5723	1
5724	1
5725	1
5726	1
5727	1
5728	0
5729	0
5730	1
5731	0
5732	1
5733	1
5734	1
5735	0
5736	0
5737	1
5738	0
5739	1
5740	1
5741	1
5742	1
5743	0
5744	0
5745	0
5746	0
5747	0
5748	0
5749	0
5750	0
5751	0
5752	1
5753	0
5754	0
5755	0
5756	0
5757	0
5758	1
5759	1
5760	0
5761	0
5762	0
5763	0
5764	0
5765	0
5766	0
5767	0
5768	0
5769	1
5770	1
5771	1
5772	0
5773	0
5774	1
5775	1
5776	1
5777	0
5778	0
5779	0
5780	0
5781	1
5782	1
5783	1
5784	1
5785	0
5786	0
5787	1
5788	0
5789	0
5790	0
5791	1
5792	0
5793	0
5794	0
5795	0
5796	0
5797	0
5798	0
5799	0
5800	0
5801	0
5802	0
5803	0
5804	0
5805	0
5806	0
5807	0
5808	0
5809	0
5810	0
5811	0
5812	0
5813	0
5814	1
5815	0
5816	0
5817	0
5818	1
5819	1
5820	1
5821	0
5822	1
5823	1
5824	0
5825	0
5826	1
5827	1
5828	1
5829	0
5830	1
5831	1
5832	1
5833	1
5834	1
5835	1
5836	0
5837	1
5838	1
5839	0
5840	0
5841	0
5842	1
5843	0
5844	1
5845	1
5846	1
5847	1
5848	0
5849	1
5850	1
5851	1
5852	0
5853	0
5854	0
5855	0
5856	1
5857	1
5858	1
5859	0
5860	1
5861	1
5862	1
5863	1
5864	1
5865	1
5866	1
5867	1
5868	1
5869	1
5870	1
5871	1
5872	1
5873	1
5874	0
5875	0
5876	0
5877	1
5878	1
5879	0
5880	1
5881	1
5882	1
5883	1
5884	1
5885	1
5886	1
5887	0
5888	0
5889	1
5890	0
5891	0
5892	0
5893	0
5894	0
5895	1
5896	1
5897	1
5898	1
5899	1
5900	1
5901	1
5902	1
5903	1
5904	0
5905	0
5906	1
5907	0
5908	0
5909	0
5910	0
5911	0
5912	0
5913	0
5914	0
5915	1
5916	1
5917	1
5918	0
5919	0
5920	0
5921	1
5922	1
5923	1
5924	1
5925	0
5926	0
5927	0
5928	0
5929	0
5930	0
5931	0
5932	1
5933	0
5934	0
5935	0
5936	0
5937	0
5938	0
5939	0
5940	0
5941	0
5942	1
5943	1
5944	1
5945	1
5946	0
5947	1
5948	1
5949	1
5950	0
5951	1
5952	1
5953	0
5954	0
5955	1
5956	1
5957	1
5958	1
5959	1
5960	1
5961	0
5962	0
5963	1
5964	0
5965	1
5966	1
5967	1
5968	1
5969	1
5970	1
5971	1
5972	0
5973	0
5974	1
5975	1
5976	1
5977	1
5978	1
5979	1
5980	1
5981	0
5982	1
5983	0
5984	0
5985	1
5986	1
5987	1
5988	1
5989	1
5990	1
5991	1
5992	1
5993	1
5994	1
5995	1
5996	1
5997	1
5998	1
5999	1
6000	1
6001	1
6002	1
6003	0
6004	0
6005	1
6006	1
6007	0
6008	0
6009	1
6010	0
6011	0
6012	0
6013	1
6014	1
6015	1
6016	0
6017	0
6018	0
6019	0
6020	1
6021	1
6022	1
6023	1
6024	1
6025	1
6026	1
6027	0
6028	1
6029	0
6030	0
6031	1
6032	1
6033	1
6034	0
6035	1
6036	0
6037	1
6038	1
6039	1
6040	0
6041	1
6042	0
6043	0
6044	0
6045	0
6046	0
6047	0
6048	0
6049	0
6050	0
6051	0
6052	0
6053	0
6054	0
6055	0
6056	0
6057	0
6058	0
6059	0
6060	0
6061	0
6062	0
6063	0
6064	0
6065	0
6066	0
6067	0
6068	0
6069	0
6070	0
6071	0
6072	1
6073	1
6074	1
6075	0
6076	1
6077	1
6078	1
6079	0
6080	1
6081	1
6082	1
6083	1
6084	1
6085	1
6086	1
6087	1
6088	1
6089	1
6090	1
6091	1
6092	1
6093	1
6094	1
6095	1
6096	0
6097	0
6098	0
6099	0
6100	0
6101	1
6102	0
6103	0
6104	1
6105	1
6106	1
6107	1
6108	1
6109	1
6110	1
6111	0
6112	0
6113	0
6114	0
6115	0
6116	1
6117	1
6118	0
6119	1
6120	0
6121	1
6122	0
6123	1
6124	1
6125	1
6126	1
6127	0
6128	1
6129	1
6130	1
6131	0
6132	1
6133	1
6134	1
6135	0
6136	1
6137	1
6138	0
6139	1
6140	1
6141	0
6142	1
6143	0
6144	0
6145	1
6146	0
6147	1
6148	1
6149	0
6150	0
6151	1
6152	1
6153	1
6154	1
6155	0
6156	1
6157	0
6158	0
6159	0
6160	0
6161	1
6162	1
6163	1
6164	1
6165	0
6166	1
6167	0
6168	1
6169	1
6170	0
6171	1
6172	0
6173	1
6174	1
6175	1
6176	0
6177	0
6178	0
6179	0
6180	0
6181	0
6182	0
6183	1
6184	0
6185	1
6186	1
6187	0
6188	1
6189	1
6190	1
6191	1
6192	1
6193	1
6194	1
6195	1
6196	1
6197	1
6198	1
6199	1
6200	1
6201	1
6202	1
6203	1
6204	1
6205	1
6206	1
6207	1
6208	1
6209	1
6210	1
6211	1
6212	1
6213	1
6214	0
6215	1
6216	1
6217	1
6218	1
6219	1
6220	1
6221	1
6222	1
6223	1
6224	1
6225	1
6226	0
6227	1
6228	1
6229	1
6230	1
6231	1
6232	0
6233	1
6234	1
6235	1
6236	1
6237	0
6238	0
6239	1
6240	1
6241	0
6242	0
6243	1
6244	1
6245	1
6246	0
6247	0
6248	1
6249	1
6250	1
6251	1
6252	0
6253	0
6254	0
6255	0
6256	0
6257	0
6258	0
6259	0
6260	0
6261	0
6262	0
6263	0
6264	0
6265	0
6266	0
6267	1
6268	1
6269	1
6270	1
6271	1
6272	1
6273	1
6274	1
6275	1
6276	0
6277	0
6278	0
6279	0
6280	1
6281	1
6282	0
6283	1
6284	0
6285	0
6286	1
6287	1
6288	1
6289	1
6290	1
6291	1
6292	0
6293	1
6294	1
6295	1
6296	1
6297	1
6298	1
6299	1
6300	0
6301	0
6302	0
6303	1
6304	1
6305	0
6306	0
6307	1
6308	1
6309	1
6310	0
6311	1
6312	1
6313	0
6314	1
6315	0
6316	0
6317	0
6318	0
6319	1
6320	1
6321	1
6322	1
6323	1
6324	1
6325	1
6326	1
6327	0
6328	0
6329	0
6330	1
6331	0
6332	0
6333	0
6334	1
6335	0
6336	1
6337	0
6338	0
6339	1
6340	1
6341	1
6342	1
6343	1
6344	1
6345	0
6346	0
6347	0
6348	0
6349	0
6350	1
6351	0
6352	0
6353	1
6354	1
6355	1
6356	1
6357	1
6358	1
6359	1
6360	1
6361	1
6362	1
6363	1
6364	0
6365	1
6366	0
6367	1
6368	1
6369	1
6370	1
6371	0
6372	0
6373	0
6374	1
6375	0
6376	1
6377	0
6378	0
6379	0
6380	0
6381	0
6382	1
6383	1
6384	0
6385	0
6386	0
6387	0
6388	0
6389	0
6390	0
6391	0
6392	1
6393	1
6394	1
6395	1
6396	1
6397	1
6398	1
6399	1
6400	1
6401	0
6402	1
6403	1
6404	1
6405	1
6406	1
6407	1
6408	1
6409	1
6410	0
6411	0
6412	0
6413	0
6414	0
6415	0
6416	0
6417	0
6418	0
6419	0
6420	1
6421	1
6422	0
6423	0
6424	0
6425	0
6426	0
6427	0
6428	0
6429	0
6430	0
6431	0
6432	0
6433	0
6434	0
6435	0
6436	0
6437	0
6438	0
6439	0
6440	0
6441	0
6442	0
6443	0
6444	0
6445	0
6446	0
6447	0
6448	0
6449	0
6450	0
6451	1
6452	1
6453	0
6454	1
6455	1
6456	1
6457	1
6458	0
6459	0
6460	1
6461	1
6462	1
6463	0
6464	1
6465	1
6466	1
6467	1
6468	0
6469	1
6470	0
6471	0
6472	1
6473	1
6474	1
6475	1
6476	1
6477	1
6478	1
6479	1
6480	0
6481	1
6482	1
6483	0
6484	0
6485	1
6486	0
6487	0
6488	0
6489	0
6490	0
6491	0
6492	0
6493	0
6494	1
6495	1
6496	1
6497	0
6498	1
6499	0
6500	1
6501	1
6502	1
6503	1
6504	1
6505	1
6506	0
6507	1
6508	1
6509	0
6510	1
6511	0
6512	0
6513	0
6514	0
6515	1
6516	1
6517	1
6518	0
6519	0
6520	1
6521	0
6522	1
6523	1
6524	1
6525	0
6526	1
6527	1
6528	1
6529	1
6530	1
6531	1
6532	1
6533	0
6534	1
6535	0
6536	0
6537	1
6538	0
6539	1
6540	1
6541	1
6542	1
6543	1
6544	0
6545	0
6546	0
6547	0
6548	1
6549	1
6550	0
6551	0
6552	1
6553	0
6554	0
6555	0
6556	1
6557	1
6558	1
6559	1
6560	0
6561	1
6562	1
6563	1
6564	1
6565	1
6566	1
6567	1
6568	1
6569	1
6570	1
6571	1
6572	1
6573	0
6574	1
6575	0
6576	0
6577	1
6578	0
6579	0
6580	0
6581	1
6582	0
6583	1
6584	0
6585	0
6586	1
6587	1
6588	1
6589	1
6590	1
6591	0
6592	1
6593	1
6594	1
6595	1
6596	1
6597	1
6598	1
6599	1
6600	1
6601	1
6602	1
6603	1
6604	1
6605	1
6606	1
6607	1
6608	1
6609	1
6610	1
6611	1
6612	1
6613	0
6614	1
6615	1
6616	0
6617	1
6618	0
6619	0
6620	0
6621	0
6622	0
6623	0
6624	0
6625	0
6626	0
6627	0
6628	0
6629	0
6630	1
6631	1
6632	1
6633	0
6634	0
6635	1
6636	1
6637	1
6638	0
6639	0
6640	1
6641	1
6642	0
6643	1
6644	1
6645	1
6646	1
6647	1
6648	1
6649	1
6650	1
6651	0
6652	1
6653	1
6654	0
6655	0
6656	1
6657	1
6658	0
6659	0
6660	1
6661	1
6662	0
6663	0
6664	0
6665	0
6666	0
6667	0
6668	0
6669	0
6670	1
6671	1
6672	1
6673	1
6674	1
6675	0
6676	1
6677	0
6678	1
6679	0
6680	0
6681	1
6682	0
6683	1
6684	1
6685	1
6686	0
6687	0
6688	0
6689	0
6690	1
6691	0
6692	1
6693	1
6694	1
6695	0
6696	0
6697	1
6698	0
6699	0
6700	0
6701	1
6702	1
6703	0
6704	0
6705	0
6706	1
6707	1
6708	1
6709	1
6710	1
6711	0
6712	1
6713	1
6714	1
6715	0
6716	0
6717	0
6718	0
6719	1
6720	1
6721	1
6722	0
6723	1
6724	1
6725	0
6726	0
6727	0
6728	1
6729	1
6730	0
6731	1
6732	0
6733	1
6734	1
6735	1
6736	1
6737	1
6738	1
6739	1
6740	1
6741	0
6742	1
6743	0
6744	1
6745	1
6746	1
6747	1
6748	0
6749	1
6750	1
6751	1
6752	1
6753	1
6754	1
6755	1
6756	1
6757	1
6758	1
6759	1
6760	1
6761	1
6762	0
6763	1
6764	0
6765	1
6766	1
6767	1
6768	0
6769	0
6770	1
6771	0
6772	0
6773	0
6774	1
6775	1
6776	1
6777	1
6778	1
6779	1
6780	0
6781	0
6782	0
6783	1
6784	0
6785	0
6786	1
6787	1
6788	0
6789	1
6790	1
6791	1
6792	0
6793	1
6794	0
6795	0
6796	0
6797	0
