0	1	14195	
3	4	1824	
9	10	11590	
17	18	14735	
20	21	1270	
28	18	11274	
30	31	4552	11713	
33	34	35	441	3326	
33	34	35	2670	13210	
40	10122	
42	1488	
47	48	11842	
50	51	15940	
53	54	9606	
61	62	12850	
67	68	3902	
64	70	14829	
75	76	6826	3818	
84	85	15149	
87	88	13745	
90	91	15756	5074	
94	95	12030	
103	104	5978	
48	108	10748	
54	114	3728	
116	57	7229	
118	122	15542	3563	
125	126	2657	
128	18	13183	
134	135	4538	
146	147	14002	
152	153	11781	
157	150	5926	
166	18	12762	
168	169	1603	3053	
103	104	9172	
172	173	7291	
110	111	14502	
106	51	7260	
54	114	10599	
116	57	4065	
175	176	6815	
184	185	2631	
187	188	2908	
190	191	4530	10128	
194	18	8989	
196	197	4530	
190	191	6428	264	
202	203	2488	
205	206	15514	
213	197	1701	
196	215	15113	
210	197	3868	
210	221	1181	
199	206	5640	
206	225	837	
240	241	11793	
104	243	5335	
44	45	13940	
50	51	8052	
53	54	8267	
59	57	7738	
245	246	957	
248	249	8403	
251	252	11574	
254	18	7294	
260	18	14345	
262	263	5372	
266	268	14670	9489	
266	18	1160	
282	283	13794	
196	282	12074	
286	287	3576	
289	290	4969	
292	293	4199	
295	18	2909	
297	18	7400	
299	300	2488	
302	303	10217	1763	
302	307	11708	88	
227	228	8981	
64	65	7543	
311	228	2731	
313	314	16250	
318	319	3865	
334	335	10095	
335	337	7061	
341	18	319	
194	18	9293	
343	344	8106	1734	
347	344	4964	7239	
352	353	14126	12594	
18	364	5195	
366	18	15307	
370	18	13251	
372	18	2625	
379	380	6270	
386	387	1706	
403	404	12558	
403	404	13276	
106	51	7074	
411	412	9389	
417	418	7569	
424	425	13925	295	
428	429	1742	14162	
432	433	10532	15840	
436	437	6157	9293	
440	421	5690	9879	
444	26	16154	
459	460	10079	
462	459	5128	
466	18	4466	
468	469	12130	
471	472	8311	14688	
475	476	5096	
478	479	7636	14863	
482	483	5309	8239	
235	236	12883	
492	228	4	
492	495	15140	
497	9271	
42	1967	
505	506	2225	
510	138	4820	
517	518	6998	
529	530	10749	
532	18	16093	
104	243	6394	
53	54	4287	
538	18	11677	
550	551	16228	
558	559	12693	
565	566	5093	
571	572	7236	
12	581	15146	
586	587	6545	
512	513	514	7811	13966	
44	45	289	
50	51	11443	
56	57	13984	
600	601	8123	9064	
604	605	11225	15499	
608	610	14474	
617	618	8617	12106	
172	173	13885	
110	111	6275	
54	114	1252	
116	57	4343	
630	628	635	
632	633	6753	
635	633	803	
647	648	6863	
650	12290	
660	624	12350	
662	10001	
664	18	9193	
669	670	13686	
675	676	15399	2844	
682	683	7021	
685	686	7528	
695	696	12840	
701	702	1930	
688	686	258	
705	680	7900	
699	707	9304	
717	319	15952	
722	727	1226	
196	230	4725	
65	309	7071	
730	997	
732	733	3490	
359	360	8823	
362	18	12977	
372	18	5194	
737	738	8997	8687	
181	182	13353	
18	130	15910	
740	741	742	1294	1495	
745	746	3228	
47	751	14187	
751	755	6440	
757	758	12985	16193	
768	769	13011	
771	772	5793	
104	243	15865	
53	54	14042	
56	57	5531	
774	775	1778	
279	280	1872	
103	104	446	
748	784	14323	
786	787	8231	
795	796	16232	16077	
808	809	9441	
18	811	9461	
289	290	6713	
627	628	732	
813	289	776	7612	
134	135	14588	
816	7247	
824	825	4307	
0	1	4126	
12	13	9564	
15	3	4847	
830	18	10571	
172	173	9062	
838	839	7679	14681	
849	18	13286	
128	18	15199	
854	855	11997	
857	858	859	15422	8775	
864	159	12253	
578	579	235	
872	873	16023	
875	876	12835	
878	879	99	
883	884	8545	
876	886	235	
888	889	12604	
891	892	7759	
173	51	16181	
181	182	4491	
896	897	6847	8671	
903	904	9097	
906	907	3576	
909	907	9004	
64	65	10055	
67	68	11697	
911	912	2817	
202	203	2644	
210	211	1638	
213	197	10774	
196	215	1519	
210	221	5983	
915	916	7932	
227	228	5730	
921	922	10381	
927	928	9134	
930	79	2441	8252	
933	934	5734	
103	104	16059	
44	106	14887	
48	108	13972	
116	57	16141	
942	943	14609	
945	946	1420	
953	946	5298	
958	959	1711	
948	964	14303	
966	967	4183	
969	970	10017	
956	976	4269	
978	979	2118	
18	130	13342	
184	185	11237	
187	188	13570	
196	230	5516	
199	200	14693	
992	568	15314	
719	720	14174	
996	997	3088	
999	997	4623	
1007	544	13957	
1017	1018	12542	
1020	1021	2262	
1026	57	4112	
1028	104	10823	
44	1030	11331	
48	1032	17	
1036	1037	9193	
213	1039	10106	
1036	1041	14376	
1045	1048	13119	
787	1050	5353	
106	1052	6841	
834	1054	12647	
795	796	2528	25	
475	476	4606	
1058	1059	7104	
1061	1062	5401	3973	
795	796	14969	580	
1071	1065	2082	
1065	1073	15856	
1077	1078	11703	
1065	1082	10140	
1065	1084	8112	
1086	1087	9000	
1087	1091	5955	
1087	1093	2873	
1095	1096	1395	
1098	18	6938	
1106	579	245	14845	
1109	1110	9671	
1115	1116	1451	
1121	1122	730	
1124	414	6840	
456	457	14016	
836	11108	
1127	1128	5928	10484	
927	928	10613	
468	469	158	
103	104	11809	
44	780	14387	
748	784	11712	
106	51	7265	
116	57	7354	
486	487	6466	14851	
617	618	10074	12440	
1133	1134	8780	
1136	1137	12229	
1139	1140	9391	
44	780	3600	
782	751	14583	
748	784	5960	
106	51	11467	
116	57	11052	
103	104	12	
1153	1154	5277	
1156	1157	2328	
1156	1159	15411	
1164	1165	815	3872	
7	1172	870	
854	855	14362	
854	1174	11599	
104	243	10761	
44	45	573	
47	48	9450	
53	54	11856	
59	57	2693	
414	870	7499	
1179	1180	14319	
1187	1188	7190	11764	
782	751	966	
834	745	13242	
1131	108	6119	
786	787	1865	
116	57	2809	
1195	1196	9476	3395	
795	796	14279	3191	
787	1050	5059	
106	1052	12799	
719	720	15541	
1218	1219	13426	
1221	1219	10884	
714	715	329	
627	628	13917	
1223	1224	12357	
1139	1140	16032	
1230	1231	3931	
319	1236	7476	
1238	1239	2182	
1241	1242	5153	
1244	1239	9842	
282	1246	8260	
737	738	16015	2447	
103	104	3558	
48	108	15219	
891	892	8833	
786	787	3343	
106	51	3264	
824	818	10610	
1260	1261	11548	
47	48	1091	
50	51	12159	
1263	1264	8792	
202	203	15552	
205	206	10344	
210	211	5641	
213	197	16104	
196	215	6777	
210	197	4834	
196	221	9460	
1270	202	11005	
199	206	6370	
206	225	8864	
175	1272	6318	
227	228	1060	
103	104	14840	
44	780	7270	
748	784	13784	
1131	108	14862	
106	51	16172	
1277	1246	6426	
9	1279	1891	
15	3	4114	
1284	1285	1406	
106	1052	3535	
834	1054	7425	
1294	723	2396	
834	1054	11273	
266	270	6055	5499	
104	243	5264	
50	51	576	
53	54	8183	
59	57	2077	
1045	1048	11121	
1299	1300	6827	12970	
1304	1305	9319	13931	
586	587	5060	
1149	1315	421	15518	
1316	1317	4745	
1319	1320	3333	
1322	18	8076	
1324	1325	10393	
1333	1334	8494	
1330	1336	12214	
1343	1344	3310	
1139	1140	8544	
1352	1350	4036	
54	114	15555	
106	51	14486	
116	57	2789	
1362	1363	16292	
1367	51	13806	
456	457	262	
459	460	3078	
462	459	14580	
1369	1370	15679	
1372	1373	1769	
1377	7	13376	
1379	1380	14842	
1372	1373	15708	
1386	1387	907	13834	
644	645	3983	
18	811	10785	
414	870	5398	
1392	18	10770	
1394	1395	6004	12683	
18	811	3026	
18	811	11390	
1324	1402	12934	
1406	1407	4302	
202	203	6939	
208	205	8551	
215	70	4595	
213	219	4733	
213	221	12468	
210	221	6655	
1270	202	9275	
1139	1140	7099	
230	994	3878	
196	230	3912	
1410	1411	1119	4191	
143	144	16162	
1413	1149	13536	853	
1417	1418	3197	
1428	1429	15654	
1435	1428	13218	
1437	1428	9978	
1184	1185	10203	
349	1444	555	
325	327	13400	
1007	544	6361	
1450	1451	4752	
321	322	8827	
1446	325	2648	
25	26	11867	
1453	1454	6058	
1456	1454	3735	
1456	1454	7713	
1458	1454	8692	
1460	1454	3182	
1467	723	5712	
1467	1469	3583	
1471	1472	12579	
1471	1476	10778	
1184	1185	5260	
1478	1479	15194	15257	
81	82	12118	
1482	18	358	
464	18	13464	
466	18	12504	
12	1493	13234	
1493	1495	12424	
1500	1501	12798	
1503	1501	5540	
614	615	3349	
1505	1506	6621	
795	796	11768	5146	
1510	319	13384	
1512	104	6452	
1518	751	9063	
51	1520	3850	
786	1522	5164	
106	1052	11483	
1296	1297	8839	
1524	863	
1526	18	8146	
18	1532	15413	
1534	5350	
719	720	8920	
1544	1545	5208	
1184	1185	7955	
808	809	582	
1547	994	5411	
319	1236	8178	
414	870	6165	
456	457	8925	
462	459	14519	
414	870	14869	
1026	57	12460	
44	1030	11035	
48	1032	5839	
1561	1556	11569	
1568	1564	9757	
163	164	8331	
712	699	1593	
679	680	851	
685	686	15810	
688	689	7865	
680	693	242	
701	702	9438	
705	680	11760	
699	707	4239	
1121	1122	10319	
1124	414	7815	
730	3106	
1124	414	4043	
1585	1582	14943	
1587	1588	6014	
1592	1593	13734	
1595	1596	14087	
838	839	13097	9998	
1604	12600	
227	228	6769	
64	65	2606	
65	309	11141	
1611	67	5544	
1182	18	14546	
1613	1394	4532	8462	
824	1620	13945	
414	870	9671	
1622	1623	5361	
1625	1626	1066	
1628	18	13257	
1284	1285	4892	
15	3	16192	
1287	0	10178	
782	751	13158	
748	784	8236	
1131	108	1704	
106	51	12480	
276	277	10915	
1453	1454	13709	
1456	1454	3802	
1460	1454	10740	
230	994	4359	
18	811	6805	
18	1632	9492	
1045	1046	8007	
1045	1048	2131	
1618	18	8578	
1637	1140	14866	
143	144	13291	
984	18	9968	
1541	1542	9721	15576	
1649	1394	12453	15711	
1651	1652	6800	
1199	1200	323	7595	
1654	1655	13029	
1657	1658	731	1714	
1375	18	7211	
1406	1661	1994	
1664	1665	8348	305	
1672	1673	2284	
1675	1676	3498	
1007	544	8462	
1394	1395	4301	8110	
144	1685	11498	
1689	1454	7362	
1462	1463	2277	
1691	1692	13117	
1694	1695	264	
1697	1698	12479	
1703	1704	8758	
1706	1707	2351	
1714	18	15870	
1563	1564	13931	
1561	1556	14986	
230	994	12243	
1199	1200	11405	11234	
1587	1725	10497	
202	203	15177	
196	215	9437	
210	219	1786	
202	1727	10103	
213	221	15375	
70	221	13625	
196	221	279	
1270	202	3812	
213	230	5985	
206	225	7383	
918	919	6358	
196	197	7720	
1729	9062	
1736	1737	4514	15905	
1740	1741	1742	3907	9267	12019	
1582	1583	3395	
1017	1018	1148	
1199	1200	2031	15972	
1528	18	6576	
1530	18	9146	
18	1532	541	
1182	18	10687	
18	1759	8279	
349	1444	15619	
1761	1762	7604	
213	1764	5050	
1770	1771	8945	
1779	1762	4940	
65	1764	3340	
1784	228	13062	
1786	10057	
1798	1799	11159	
1801	1802	11415	
1807	1454	15735	
1223	1224	5049	
1813	1814	13392	
813	289	9160	14543	
1618	18	8157	
319	1819	10948	
1179	1824	15637	
230	994	6138	
396	1313	2265	
1642	624	15410	
1826	337	13225	
230	994	6334	
1480	18	8545	
1544	1545	1622	
1372	1828	10486	
1830	1639	14750	
1834	1835	2086	
1839	1566	5894	
199	200	4671	
1156	1159	8498	
1826	337	1289	
18	1854	6343	
1859	1860	4465	10251	
1867	1868	2743	14900	
1689	1454	9442	
18	811	12498	
18	811	13917	
782	751	6313	
116	57	2523	
44	780	12279	
1480	18	14288	
1880	1881	8144	
1886	1887	8612	
1889	1890	5579	
1892	2804	
1182	18	14790	
1703	1704	5124	
1867	1868	10587	12856	
1389	1390	5918	
1389	1390	15535	
1544	1545	1554	
1896	1897	1054	
18	811	6698	
1230	1231	9011	
1900	1901	14352	
1903	18	3062	
1905	283	15464	
1905	1907	3448	
1755	18	15902	
1346	1347	7218	
1352	1350	15026	
1911	1912	6397	422	
1456	1454	4167	
1460	1454	8610	
1465	1454	9759	
984	18	531	
1182	18	8587	
18	1539	928	
280	1935	13097	
1798	1799	3185	
1938	18	7756	
1942	1940	4556	
1944	1945	14676	
1947	1948	16080	
1179	1950	12405	
1952	1953	2354	
1957	1958	10761	
1156	1159	4311	
1960	1961	14523	
1963	1964	10742	
1634	1966	15352	
1968	1969	774	13669	
1980	1981	9549	
18	1667	6148	
1654	1655	441	
18	1667	13152	
1722	1723	14324	
1989	1990	3067	
1709	1179	2750	
1994	1995	15559	
1997	1998	9869	10276	
2004	2005	12410	
2007	9826	
818	2011	9564	
2015	2016	7520	1927	
18	1632	5796	
1600	10548	
1821	1822	300	
2024	5489	
2026	2027	1145	
1752	1753	15502	
2034	18	13961	
2026	2046	11161	
2051	396	14607	
2053	2054	2155	
18	2059	16154	
18	2059	12571	
18	2059	3190	
2061	2062	4483	
2064	2065	251	
1752	1753	5341	
2075	2076	8514	4183	
2082	2080	10127	
2080	1159	9239	
196	197	8517	
1136	1137	5912	
2094	2095	2096	8874	2224	
2099	2100	14390	10543	
2103	2104	14836	4818	
2106	2107	11693	
2109	2110	11239	
18	1667	7037	
2112	18	11435	
2114	18	4712	
349	2123	216	
202	203	11333	
205	206	13039	
210	211	7462	
215	70	8106	
196	215	1372	
210	197	16023	
210	219	14661	
213	221	5672	
196	221	3574	
1270	202	7447	
199	206	2185	
175	1272	11248	
227	228	6421	
67	2127	3447	
719	720	2526	
2132	2133	13808	
196	197	15210	
1719	1720	1286	
2138	0	9706	
2140	18	1165	
210	211	15989	
215	70	8351	
210	219	1158	
210	221	4398	
227	228	8728	
175	1272	401	
213	230	8369	
1952	1953	7880	
2149	2150	7090	
2152	2153	616	
2155	2156	3561	
2155	2160	2729	
2155	2165	7973	
2167	2168	7764	13812	
1561	1556	14658	
1568	1564	7300	
1570	1571	13514	
1875	1774	5556	
2172	2173	14358	
2175	2176	1980	
2178	2179	10671	
3	2181	14117	
2181	2183	3145	
7	2181	12143	
2070	18	9333	
1852	18	3651	
2196	2197	15315	
2208	18	659	
2222	2223	7773	
2225	18	5462	
1994	1995	9636	
2234	2235	13806	
1989	1990	1844	
2237	2238	7588	
2240	9	13879	
2248	2249	10914	
2038	3142	
2251	18	4626	
2253	18	10130	
1863	2255	9646	275	
2263	2260	5423	
2265	319	6837	
2271	319	6761	
396	2275	2804	
396	2279	3100	
2283	396	13679	
1248	2285	1934	
1248	2294	7889	
2300	2292	7835	
2302	1179	15580	
1703	1704	8865	
2307	10063	
2311	2312	13169	
2317	2318	1139	
2326	2327	8652	
2329	18	1987	
1407	2331	10576	
1905	283	11412	
1905	1907	3775	
523	524	10603	
2337	2338	15921	6064	
1136	1137	1133	
1230	1231	11219	
2225	18	12969	
2340	2341	14837	
2343	18	2926	
2345	2346	11054	
2348	2349	10463	8133	
2021	2022	140	
2351	2352	9796	2729	
2357	2358	11182	
1503	1501	9548	
2363	2364	8762	2478	
2366	18	12518	
2368	13562	
1319	2370	786	
2375	2376	6464	
2380	2381	548	6897	8653	
2388	2389	13703	16081	
208	2392	780	
2397	2400	4993	
1752	1753	7532	
2378	18	13128	
1968	1969	9030	14939	
2402	144	3424	
2404	18	11253	
2406	2407	15290	
2253	18	4070	
2417	2413	6584	14381	
2419	2420	9518	4715	
1182	18	16041	
1994	1995	9694	
469	2426	5771	
2428	2429	1596	
2431	2054	14406	
1703	1704	14338	
2304	2305	12953	
2152	2153	3252	
2435	2436	5929	
2443	2444	13294	
2449	2450	5883	
1752	1753	5111	
2452	579	5617	
2454	2455	13171	13277	
2460	2461	2244	
2463	2464	378	
2466	1501	13573	
1994	1995	15043	
2473	18	14099	
1816	1817	12261	
2475	2476	15014	
199	200	7897	
2479	2481	6816	
2424	2483	11918	
2475	2476	1298	
2492	1771	15565	
2494	2495	16227	
2497	2498	4801	
2502	396	6947	
2506	2507	6041	5484	
2510	2511	4353	
2510	2511	13104	
2516	2517	11552	
205	206	3905	
208	205	10671	
215	70	11047	
213	219	13833	
1270	202	11834	
199	206	3483	
915	916	14326	
918	919	13492	
196	197	13739	
199	200	4008	
1390	2522	13891	
1816	1817	11865	
2532	2533	3165	
2532	2533	7530	
2535	2533	8234	
2535	2533	7313	
18	2537	4371	
2541	2542	216	
2544	2545	7364	8088	
2548	7823	
2548	15601	
2548	5195	
2548	9269	
1179	2550	11997	
2070	18	10420	
2552	2553	10539	
2555	2556	3265	
2558	2559	14426	
1994	1995	15862	
2152	2153	5870	
2193	2194	15685	
2196	2197	570	
2203	1676	1390	
3	2181	7779	
2181	2183	8014	
2566	18	9192	
2237	2238	8242	
2573	2574	5792	
208	205	1925	
215	70	9538	
196	215	14883	
210	197	13946	
213	219	12045	
213	221	11661	
199	206	7570	
1918	1919	14880	
2340	2341	6026	
1330	1331	13400	
1330	1336	372	
2158	2155	11808	
2155	2160	12445	
2162	2163	13760	
2155	2165	15804	
1203	2580	11685	
1528	18	3241	
1149	2593	8363	8059	
2595	2604	6730	
2608	2609	13197	
414	2611	16278	
2613	1252	4958	
2237	2238	1145	
1816	1817	12398	
2615	15591	
1972	1973	13673	
2631	1822	5310	
2641	2638	9483	
2646	2647	5578	
2655	2653	16060	
2417	2663	4531	7916	
1149	2665	12690	2450	
2672	18	1237	
2674	2675	649	
2682	2683	12902	11743	
2529	2530	4237	
2532	2533	2337	
1319	2690	2128	
2544	2545	988	968	
2697	18	11664	
2699	2700	10764	5074	
2708	2709	5448	7022	
2711	6114	
2029	2030	13844	
1994	1995	6233	
1807	1454	8375	
1689	1454	4023	
2720	146	6178	
2722	18	821	
2730	2731	6993	
2735	847	722	
2340	2341	10689	
2348	2349	13120	14034	
2737	2738	9110	
2740	1720	8637	
2742	1771	13861	
2747	2748	696	
2620	2621	10040	
18	2059	5789	
2758	2759	3739	
2558	2559	535	
2766	2429	10927	
2478	2479	13136	
2424	2483	10563	
2768	18	8121	
2340	2341	14465	
824	825	801	
2776	2777	8599	
2781	2782	14156	12920	
2785	2786	12489	
2788	18	1130	
2790	2417	9132	1640	
909	907	4957	
900	901	2695	
906	907	7442	
2594	2595	15039	
2602	2595	11894	
2595	2604	4859	
2796	2797	7970	5626	
2800	2573	14512	
2802	583	12788	
2807	2808	1770	
2804	2812	10096	
2814	2815	9664	
2814	2817	14669	
2348	2349	5457	4388	
2170	18	15254	
2823	1487	6799	8579	
2828	18	16192	
2830	2831	3080	
2457	2458	15089	
2836	469	12440	
1528	18	4377	
1530	18	13257	
2838	2839	3729	
2841	2842	10599	
1218	2844	4285	
558	2527	14992	
2849	2850	1820	
2368	9843	
2858	2859	6522	
2680	18	5122	
2861	2862	7290	
2864	2865	13136	
1794	2869	7081	15461	
2873	252	10701	7223	
2879	2880	13418	
2882	2883	10955	
2882	2885	5547	
2887	2888	10604	
2890	2891	3074	
2901	2885	7526	
2905	2906	7666	
2906	2908	458	
2910	2890	11351	
2340	2341	7449	
715	2914	14933	
2916	2917	7399	9707	
2919	2920	1630	
2867	349	15107	
2923	1179	16175	
2203	1676	16148	
1672	2191	5824	
2193	2194	11713	
2196	2197	6548	
2191	2199	6829	
2928	1676	15061	
1672	2201	7916	
2930	2931	6984	
2558	2559	14730	
2936	2937	12042	
2939	2940	4428	
2945	2942	12517	
2947	18	9985	
2949	2950	3325	12370	
2552	2553	15619	
2956	2199	11512	
2956	1672	817	
2959	1676	13123	
2231	2232	8754	
2963	847	15741	
2566	18	952	
2968	2969	7830	2009	
1672	2201	14992	
1672	2191	7882	
2191	2199	5823	
2928	1676	6389	
2975	2976	2330	
2790	2414	5454	11519	
2978	2979	1116	
2687	2688	3132	
2983	188	14666	
1672	2985	7630	
2988	2989	11486	
2988	2991	15370	
2435	2436	15154	
1179	2550	4912	
1606	3002	9579	
3004	3005	14014	
2790	2414	261	7095	
2999	3000	9597	
3009	3010	4380	12167	
2228	2229	578	
1634	1635	7651	
3035	3036	7622	
2930	2931	15131	
3038	14621	
3046	3047	2352	
3049	3047	12281	
866	3051	12575	12497	
3054	535	7873	15555	
2555	2556	14477	
2790	2414	7443	12783	
1149	2791	16194	6894	
3064	3061	12928	
1500	1501	10359	
3066	3067	3068	15204	7676	11431	
3070	3071	12274	6550	
2606	531	
1149	2791	15554	4951	
3076	18	7994	
3078	18	6614	
2804	2805	2234	
3087	3088	10048	
3090	3087	9703	
2753	2754	10141	
3097	3094	7276	
3101	3094	5298	
3113	3094	1851	
774	3115	12052	
3119	2475	10852	
3121	3122	9287	3055	
3125	3126	3927	
1722	3133	8354	
3135	18	12029	
3137	2167	3138	6343	2618	
2109	3140	13126	
2109	3144	2231	
2109	3149	4549	
3151	3152	10397	
3154	3155	14661	
3083	3157	6360	
3159	1350	13739	
2109	3142	4488	
2109	3144	9700	
2109	3149	9709	
414	3166	7207	
2819	2820	11941	
2715	18	9520	
3171	3172	8421	
3171	3174	15804	
3171	3178	8823	
3171	3180	9959	
3171	3182	8800	
3187	3188	6693	
3190	3191	9885	
3193	70	9466	
3049	3047	1844	
3038	499	
3217	3218	15899	
3225	3226	14078	
2981	2978	10210	
2730	3220	3892	
3228	3229	9140	
3231	3232	582	
2730	3220	6599	
3237	3238	12248	
208	3240	12469	
3242	18	8166	
2819	2820	4862	
2440	2441	12877	
2443	2444	12514	
3249	18	10370	
3251	3252	6120	
3257	2193	13260	
3259	1676	9143	
3261	1720	10740	
3237	3238	7121	
208	3240	6302	
2519	2520	13219	
2116	3268	5156	
3270	3271	10283	
3273	3274	15896	2766	
3277	3278	12114	14775	
1319	3281	2241	
3018	3019	10453	215	
3287	319	5410	
2919	2920	953	
3289	3290	10471	
3294	18	3775	
3298	3299	14096	
3301	2973	9222	
2814	2815	11093	
3316	2199	15522	
1669	3318	10118	
2823	1487	9323	3816	
2861	2862	2285	
2167	2168	5093	2876	
2717	2718	9068	
2004	2005	11830	
2475	2476	4267	
3325	3326	10729	1211	
614	3328	2075	
3345	1179	916	
3350	2438	7597	
3352	3353	12677	
3357	3358	3218	
3363	3364	14655	
3369	3187	11924	
2933	2934	12175	
3374	3377	1431	
3379	3374	12864	
3374	3383	3072	
3374	3385	14076	
2727	2728	791	
3395	3396	15656	
3395	3399	7782	
3402	3403	1494	
3202	3410	9816	
3202	3412	10283	
3379	3374	9663	
3381	3374	13995	
3374	3383	2308	
3374	3385	12822	
3374	3375	15293	
3357	3358	12210	
3421	3422	2406	
2048	2049	5135	
2930	2931	7825	
3035	3036	14226	
3426	3427	2594	
2167	2168	376	12386	
2167	2168	1494	5346	
3429	3430	2550	
3433	3434	1822	
3439	3440	1894	
3447	3448	9787	
3457	3458	10842	5231	
3461	2193	12444	
3289	3290	4173	
3472	1252	16235	
3290	3474	8726	
3478	3479	4535	
3481	3482	6157	
3484	3482	11110	
989	3482	16094	
3493	3336	
3495	18	4736	
3501	3503	3296	
2703	18	15147	
3505	3506	5331	15156	
2199	2985	9364	
2988	2989	11604	
2417	2663	9785	9307	
1149	2665	10721	14142	
3518	2588	14291	
18	3520	2645	
2355	2775	
3523	7583	
3525	3526	9784	
3528	3529	12639	8507	
2193	2194	12844	
2928	1676	5747	
1672	2201	497	
3537	3538	6473	
3540	18	8283	
3542	3543	10362	
3545	18	6993	
3547	3548	3412	
3550	3551	3078	
3555	12878	
18	3557	9479	
3559	1953	9027	
18	2059	11571	
2203	1676	12601	
2926	2194	5516	
2193	2194	4581	
2191	2199	6832	
2928	1676	14884	
3565	3566	1259	
3570	703	
3056	3057	16086	
3590	3591	12823	13379	
18	3557	5618	
3603	18	1611	
3605	3606	7579	
3614	3615	10975	9196	
3620	3614	13964	10597	
3614	3626	11102	7031	
3633	3634	13307	
3636	3637	14847	
3642	3643	4486	
1501	2561	1230	
3642	3643	9298	
3642	3643	4822	
3642	3643	14567	
3642	3643	8458	
3645	3646	5270	10078	
3650	3651	2230	
3657	3653	6793	
3659	3653	5527	
3061	3062	5435	
1644	2194	8740	
2926	2194	11615	
2196	2197	13676	
2203	1676	15025	
3664	18	875	
3642	3643	4337	
3668	3669	3670	6235	11596	
3673	3674	2132	14415	
3680	3681	6241	
3692	3693	858	461	4056	
3128	3129	2216	
1722	1723	4734	
3695	1676	1968	
3697	1179	11099	
1063	3463	18	14817	9778	
3642	3700	9306	
3018	3019	6068	9661	
3704	3705	3950	
3707	18	9821	
3294	18	4181	
3497	3498	7798	
3709	3710	2711	187	
3711	18	10568	
3713	18	9277	
3718	3719	6619	
18	3730	3836	
3732	3733	7427	
3739	3461	
3416	3417	13652	
3758	10770	
3760	4580	
3342	3343	7149	6891	
289	3764	1919	
3277	3278	7798	6616	
3772	3773	9622	
1644	2194	4942	
2926	2194	1494	
2193	2194	6284	
2196	2197	4859	
1672	2201	9456	
2926	2194	5094	
1887	3775	1839	
3777	3778	7198	
2939	2940	4315	
3783	3784	4115	
3791	3458	1603	12237	
3793	8103	
3800	3801	1404	
3803	2638	15036	
3543	79	13981	
2705	3809	3530	
3814	3290	15997	
1669	3318	15634	
3551	3818	2785	
1179	2550	8271	
2199	3419	11103	
3823	3824	7146	
3826	18	5529	
3828	12530	
3834	3835	13386	
3837	3838	10727	
3842	3843	553	
3113	3094	10248	
3109	3845	7759	
3103	3094	9596	
3105	3106	14893	
3111	3106	5619	
188	3852	2893	
2573	3854	2504	
3726	3727	7946	10451	
85	11795	
3861	1179	6889	
3863	3864	13206	
3866	3867	13510	
3869	18	14072	
3769	3770	10091	
3290	3474	14258	
2193	3476	8424	
3871	3872	11244	221	
3875	1472	1383	
3882	3883	5324	
3882	3885	11682	
3891	3892	7985	
1179	3735	13820	
3896	3897	6772	
2942	3899	1746	
228	3903	13742	
3766	3767	7665	
1672	2201	14746	
2193	2194	14406	
2191	2199	8251	
3004	3910	5019	
3912	18	5798	
3914	3916	4252	
3914	3918	7153	
3926	3927	10177	
3929	3930	12804	
3932	2218	9242	12763	
3932	2218	3682	7426	
3933	3934	16155	
3395	3399	877	
3402	3403	7986	
3950	3951	5893	1884	
2999	3954	14266	
1722	1723	10432	
3416	3417	16077	
3958	3959	14637	15982	
3961	3962	4833	12656	
1672	2985	164	
2988	2991	12284	
1672	2191	8978	
1644	2194	12856	
2926	2194	2014	
2193	2194	5311	
2191	2199	7705	
2928	1676	8200	
3968	2604	
3450	3451	1671	
3970	3971	16100	
3837	3838	2895	
3834	3835	15135	
3973	18	12561	
3975	3976	8401	4773	
3981	3982	10107	
3992	3990	1910	
3990	3994	13325	
3996	3997	2046	
3999	4000	2766	
3389	4002	15879	
2838	2839	103	
2841	2842	5465	
4006	4007	11885	
4009	4010	13651	
4017	4018	827	
3939	3940	14703	
4023	4024	9777	
4026	4027	4605	
4029	4030	9537	452	
4036	4037	586	
2368	10588	
4009	4010	15906	
922	4049	3260	
3721	3722	11908	
289	4051	5818	
3511	3512	4817	
4059	4060	16244	15940	
4063	5621	
4065	4066	14333	
1556	4068	680	
4070	13550	
3547	3548	26	
3769	3770	13602	
3795	2552	16292	
18	3557	2592	
4079	4080	7289	7727	
4093	4094	5389	
4096	4097	16035	
4096	4097	10514	
4101	4102	12850	
4106	4107	928	
757	758	4495	1599	
757	758	13181	9158	
3154	4111	4604	
3871	3872	856	10225	
1672	2191	13975	
1644	2194	4120	
2926	2194	6461	
2193	2194	9559	
2196	2197	1770	
2191	2199	4983	
1672	2201	555	
18	4118	11958	
4120	4121	12378	
1672	2201	13458	
2193	2194	14275	
2191	2199	8578	
2747	2748	8236	
4129	18	4000	
4131	4132	16192	
4134	4135	13234	
1215	1216	15429	
3457	3458	981	6925	
1179	3735	14439	
4144	4145	10164	
4147	18	14508	
4149	4145	2588	
4159	4160	4936	11694	
4163	18	4043	
4101	4102	8284	
4167	4168	11195	
3814	3290	10416	
1669	3318	5993	
4175	4435	
2849	2850	15790	
4179	4180	2314	
4182	4183	2151	
3242	18	15249	
3608	3609	7330	
4190	4188	12464	
3975	3976	5334	12891	
4192	18	9618	
4196	18	5735	
4198	18	10882	
4206	4207	9765	
3871	3872	5382	6204	
4209	4210	1182	8869	
3223	4213	2106	
4219	4220	162	9920	
4219	4222	10771	2352	
2203	1676	8840	
1672	2191	2231	
2193	2194	13904	
2196	2197	11292	
2191	2199	6767	
2928	1676	8214	
4036	4037	1124	
4039	4040	10325	
2497	2498	2790	
3061	3062	9625	
4227	6802	
4229	3710	
3392	3393	4307	
3398	3399	6063	
3402	3403	8640	
3405	3406	13683	
67	4235	1733	
4243	4237	14414	
4231	4248	7273	
4090	4237	11935	
4231	4238	3100	
4240	4231	3479	
4253	4254	6111	
4263	4264	4396	
4266	4267	3004	
4269	4270	15993	
4272	4273	14214	
4275	4276	2683	
4269	4278	5067	
4280	3481	8615	
3871	3872	1908	13646	
3482	4286	1874	
4290	3482	14574	
2849	2850	4285	
4053	4054	12847	10487	
3797	3798	7223	
4296	4297	13680	
4297	4299	15607	
1215	1216	4663	
4303	18	3361	
4305	18	2767	
18	4307	7200	
2406	4313	313	
4315	2831	948	
1327	4317	5787	
4319	4320	5469	
4322	9045	
4206	4324	11189	
4328	4329	5499	
4336	1556	6937	
4338	2079	16289	
4340	4341	10551	
4345	4346	4627	
4346	4348	3253	
4357	4358	3784	
1103	3643	3803	
4126	4127	1588	
3834	3835	3789	
4366	319	891	
2747	2748	12680	
2203	1676	4659	
1644	2194	13074	
2196	2197	4431	
2928	1676	14121	
1672	2201	5079	
4371	4372	8150	
4374	18	4336	
4380	4381	9325	
4383	4384	7817	
4386	3088	1253	
3758	12828	
2849	2850	10732	
4391	4392	4823	
4093	4094	6854	
4159	4399	9091	314	
4401	4402	9255	15237	
4404	4405	10894	4235	
4413	4416	15723	
4413	4418	1663	
4413	4420	13633	
4424	4413	13679	
4101	4102	3780	
4439	4440	10356	
3525	3526	2771	
1556	4442	2616	7264	
4364	11470	
4448	18	3709	
4450	2636	1860	
18	3584	14851	
3739	10918	
4455	415	3756	
4457	18	11253	
4459	1179	7531	
4461	7775	
1195	4139	3600	
4463	18	9627	
4465	4466	8616	
4465	4468	389	
4470	4471	13669	15399	
2296	3612	8877	
4483	4484	4887	5269	
2203	4488	5178	
4490	4491	12690	
3830	4493	12983	
4495	3830	12123	
4297	4299	620	
4500	4501	9713	
4503	146	15270	
4507	4508	5344	
1179	3735	9451	
3942	4004	12268	
4515	4516	3803	
3061	3062	15242	
4115	4116	3369	
4527	4528	14314	
4530	4531	14948	15013	
4536	4537	9185	
1644	2194	14037	
2928	1676	1663	
2203	1676	12807	
4539	4540	11468	
4542	4540	11070	
4539	4547	2200	
4549	4550	5571	2295	
4156	4157	15836	
396	4553	5718	
4555	18	15777	
4557	4558	9735	
4560	4561	222	10383	
1248	4564	12984	
4571	4572	11357	
1146	3762	9044	
289	3764	13362	
4574	4575	9669	
3801	3940	8295	
4581	4582	13764	
4584	4585	5260	13161	
1672	2191	10270	
2193	2194	11502	
2191	2199	3097	
208	4587	4061	
4589	4590	15198	
4592	4593	12785	
1215	1216	283	
4413	4416	8555	
4413	4420	12165	
4413	4426	6125	
4149	4145	4253	
4371	4372	6177	
4625	4616	5046	
4630	4631	11486	
4633	4634	14146	12557	
4636	4637	3525	3905	
4639	4640	14619	15950	
4640	4643	1982	7340	
3975	3976	14540	880	
3975	3976	13642	790	
4649	4650	12026	3554	
4656	4657	8069	
4659	4660	15120	
4662	4663	6072	
4665	4666	639	
821	3131	10943	
4673	2999	1740	
4675	4676	639	
1722	1723	2738	
4017	4018	1398	
4555	18	492	
4685	4686	15725	11710	
4018	4688	3887	
614	4693	826	
4695	3606	4259	
3882	3885	1176	
3882	3883	5211	
4018	4612	15176	
4700	4701	15261	
3334	4137	16050	
4703	4704	10255	4483	
4705	18	13392	
4707	4708	13113	
4710	4711	9453	
2849	2850	12123	
4571	4572	3648	
4470	4471	15759	13108	
4720	4721	42	
4728	4729	12859	
18	4731	14141	
737	4737	2994	13401	
4741	4742	12989	
4156	4157	1727	
4755	4756	14988	
4758	4759	7274	
4763	593	9795	
3222	3223	12146	
3225	3226	12005	
4767	4768	7780	
4144	4145	15649	
4280	3481	10839	
4280	4282	7596	
4770	3787	11105	
4445	4446	2028	
4779	18	16162	
4783	4784	13776	
4786	1179	12904	
4505	13825	
4790	18	6860	
4794	288	
4366	319	7750	
4490	4798	7360	
4800	18	5332	
4802	4803	15461	
4805	9934	
4296	4297	14535	
4807	4808	620	
1248	4810	3860	
3942	3943	9482	
2867	1774	3043	
4814	4820	1728	5657	
4225	2725	10487	
4822	4823	731	8500	
4826	4827	1602	115	
4465	4466	6606	
4465	4468	7186	
4465	4836	10247	
4838	4839	9626	
4851	4852	3430	
3939	3940	12633	
4857	3005	155	
4861	4862	14032	
1248	4739	4011	
4864	4865	4419	15494	
3801	3940	5043	
4877	4878	16287	
4880	1932	11651	
2203	4488	1175	
3837	3838	4610	
4882	4883	2762	
4885	4886	15077	
3939	3940	8946	
4888	1349	892	
4893	4894	801	15400	
4006	4897	4366	
4899	4900	8480	
4383	4384	12265	
4904	18	9845	
4909	4910	12477	
4728	4729	15547	
4912	3784	11894	
4916	18	11063	
4918	4919	3150	
4922	2561	11756	
699	2561	11161	
1753	2561	13527	
4932	2561	12876	
4936	2561	5390	
4938	2561	11017	
396	2561	10480	
4941	2561	8141	
4948	4949	7067	
4951	4952	13933	
4954	4955	14778	
4957	4949	14566	
2999	4961	14509	
289	4967	6909	
1179	3735	4675	
3525	3526	7217	
4175	8383	
4394	4395	14042	
4978	4979	3760	
4981	4982	3481	
4984	4985	10533	
4994	4995	1189	
4997	4998	8407	
5003	4145	5930	
5016	5017	15292	9442	
5020	5017	12687	4112	
5022	5017	4732	4762	
5026	5027	14644	
5029	18	14196	
5031	18	1991	
5038	4145	14918	
737	5040	15670	10687	
5043	5044	11266	
5046	1592	8705	
2079	5051	6126	
5053	5044	4807	
1596	5044	5053	
5056	5044	15289	
5062	5063	13276	
4710	4711	9990	
5065	5066	5067	12488	2744	
5070	5071	14233	
5073	5074	6074	
5082	5083	5888	
5085	5083	2864	
5090	3162	11251	5151	
4297	4299	15987	
5100	1179	29	
938	5102	13963	15301	
5104	938	13029	8494	
5106	5107	13960	9446	
5114	5110	2178	1041	
5120	5121	7807	15451	
5130	5131	6694	
5140	5136	5141	16143	10053	
5143	18	6550	
5147	18	4062	
18	5149	12260	
5152	18	3476	
2520	5157	4927	
3290	5159	9976	
5168	18	7416	
5177	1928	9171	8341	
5179	78	2267	
5184	5185	11388	
5187	18	8425	
5189	18	15731	
5195	1110	13449	
4990	4991	3080	12754	
942	5197	14631	
5199	7259	
5205	18	947	
5213	3372	
5217	14920	
5219	15652	
3801	3940	904	
81	5224	3202	
5228	18	6488	
2406	4313	12059	
4599	2222	3179	
5234	18	6425	
5236	18	4025	
1761	4796	15921	
4115	5247	10417	
5249	5250	11545	
5252	5253	3330	14327	
2417	5255	8968	4281	
5257	4159	7785	311	
5259	5260	15886	9919	
1248	5263	5275	
5265	1252	4886	
3061	3062	6098	
5267	18	7486	
5269	18	4830	
5273	18	13569	
2849	2850	165	
5281	12201	
5286	5287	2709	
5289	5290	1613	
4497	4498	1418	
5292	5293	13957	5910	
5296	5297	14058	
4882	4883	13142	
5302	5303	14310	
5305	5306	12110	
5308	18	2308	
5310	18	4601	
5312	18	8157	
5314	5315	9346	
18	2059	8971	
624	4735	12325	
1248	4739	10497	
5323	18	8130	
5325	5326	15104	
5330	5331	10014	
5336	18	12765	
4713	4714	4872	
5340	202	985	
5340	5347	817	
5345	5350	4371	
70	5350	2129	
5344	70	5234	
2942	3899	308	
3901	2942	241	
4539	4540	5238	
4542	4540	11363	
5364	4545	11941	
4539	4547	14798	
4115	5366	150	
3606	4788	16014	
4786	1179	420	
4728	4729	14362	
4752	1341	7101	
4906	4907	8841	
4752	1341	7145	
4713	5368	812	
614	4693	9654	
4695	3606	5747	
5372	5373	3813	14993	
5376	5377	5293	11551	
5376	5381	2659	10850	
5385	18	7886	
5387	5388	848	
5390	5391	856	
5393	5394	13751	
5396	18	4557	
5394	5398	3030	
5403	5404	1292	
5414	4413	10195	
4413	5418	1575	
5424	4413	11476	
5426	4413	4606	
4413	5428	10057	
5430	4413	680	
4413	5436	8570	
5443	5444	11629	
1179	5449	7247	
5451	5452	9517	9445	
5161	5456	5163	594	14946	8710	
5460	5457	12315	
5464	5457	760	
5466	5457	4670	
5470	5457	10126	
5474	1179	6542	
5476	1771	15209	
5484	5485	211	
5487	5492	99	
5376	5377	2767	14404	
5376	5381	2190	7663	
1389	5383	12473	6529	
3605	3606	6419	
5503	758	195	
5511	5512	8323	
5516	5517	8435	
5521	5457	623	
5526	4890	3657	
4707	4708	14337	
4713	4714	15240	
5528	5529	15837	6985	
2417	5533	13583	6418	
5534	5535	12091	
4763	593	3370	
2406	4313	1587	
4728	4729	11069	
2519	2520	8006	
2520	5157	14168	
5543	18	4752	
5548	1771	7862	
5550	5551	15742	
5560	5561	8673	
5563	5564	13235	
5566	5567	6591	
5569	5567	3349	
5575	2417	15838	15688	
5585	5586	7828	
5591	5592	9618	
5580	5594	4888	
5596	5597	9277	
5599	2638	9286	
2375	5601	13191	
5603	5604	14524	
1324	5609	8932	
5387	5388	9830	
5400	5401	5978	
5403	5404	10072	
5394	5398	3732	
5617	5618	9253	
5623	5624	9526	3256	
5630	5631	16076	12345	
5638	5639	1104	
5645	5646	16197	8927	
5654	5655	15075	
5387	5388	11817	
5396	18	9494	
4383	4384	13008	
4902	18	6383	
5666	5667	2505	
5666	5669	5819	
5671	3781	16141	
5676	5677	4260	
5676	5677	8561	
5283	5284	4533	
5286	5287	5208	
5289	5290	11920	
5683	3872	921	
5685	5230	2435	1643	
5688	5689	13330	12686	
5691	5689	14675	8756	
5695	513	2655	
5697	5698	14805	
1889	5011	6700	
3053	5700	5701	5702	5703	5704	4370	795	5058	4225	3471	14880	
5070	5071	1887	
4630	4631	3301	
5713	5714	10024	
4888	1349	2930	
4814	4818	1949	6404	
4115	5247	2752	
3800	3801	12422	
5718	4329	1513	
5349	5350	14117	
5340	5352	2513	
5340	5356	12652	
70	5350	438	
5344	5345	4422	
67	5728	1978	
5035	5036	13307	
5730	5731	1695	
5733	5734	6680	14150	
5673	5674	6853	13580	
18	5740	3799	
1176	5742	4424	
5744	18	7603	
5746	5747	5	
18	5749	14696	
2520	5157	1104	
4256	5753	12445	
5770	4204	9939	
5772	18	548	
5775	4739	
5780	18	5203	
18	5782	288	
5788	18	7189	
5791	5792	4295	
5796	5797	2030	
5801	5802	2715	
5810	5811	3602	
5813	5814	11185	11994	
5503	758	3076	
144	5238	4634	
3383	5238	11189	
5241	5238	12907	
5822	2429	4217	
5824	5825	418	
5831	5832	7802	
2999	5837	14810	
4156	4157	955	
4206	5839	15994	
5205	18	1898	
5207	5240	
2520	5157	7872	
4972	4973	12218	15352	
5846	5847	13230	14527	
5852	5853	8410	5745	
5856	18	2586	
5858	5859	9709	
3605	3606	13938	
5864	5865	4289	
5869	5870	4802	
5873	1179	12157	
5875	5876	13300	
5882	5883	15275	
5885	5886	10939	
5888	5889	10139	
3979	5888	3930	
5892	5893	9359	
3979	5895	15802	
5897	5898	5433	
5895	5889	3561	
1886	5901	9528	
5908	5897	12458	
5905	5917	16269	
3979	5921	7143	
5921	5889	2873	
3979	5926	2274	
1886	5930	643	
1886	5932	12774	
5905	5936	11013	
5938	327	7156	
5889	5940	11277	
5942	5943	15096	
1886	5945	14554	
5889	5947	3274	
5950	5951	5217	
5897	5953	1468	
5957	5889	15583	
5959	5889	7143	
3979	5959	783	
5964	5889	14430	
5964	5961	10164	
5897	5969	6471	
5889	5973	12223	
3979	5973	14565	
5976	5897	6374	
5980	5897	8264	
5986	5987	8708	
5989	5990	989	
5994	5995	2753	
5370	18	5845	
1136	5487	4437	
6008	13111	
5043	5044	14812	
5046	1592	6130	
2079	5051	10537	
5056	5044	9925	
5058	5044	679	
5060	5044	13218	
5487	5492	10456	
5487	6011	1759	
6021	6022	11957	2717	
6025	6026	4857	
5620	5621	15233	
4972	4973	4376	10548	
5283	5284	9469	
5286	5287	11501	
5666	5669	1465	
6034	6035	7480	
6042	188	15310	
6048	6219	
1179	6060	12176	
4890	4891	3983	
6065	1852	
1248	4378	14488	
6072	6069	6676	
6074	6075	8487	
6085	4803	9302	
6092	6093	15380	
6095	6093	2556	
6097	6098	3088	
6100	6101	3507	
6106	6107	4542	7843	
228	412	13913	
6112	6113	12784	
4209	6115	3249	10471	
6121	6115	6228	5796	
347	6115	3125	179	
6124	6115	10056	13276	
6130	6132	8039	
6134	18	7957	
6136	6137	9821	82	
6142	14339	
3722	6144	4388	
6148	6149	5095	
6154	6155	3459	
6157	6158	5979	
5478	5479	13676	
5481	5482	2689	
6166	6164	15427	
6168	6169	15281	
5663	5664	15662	
4688	6176	11953	
6178	6181	14545	
558	6185	15012	
6187	6188	3252	
6190	4340	4352	
6187	6194	1321	
3437	6197	9771	
6199	3437	1720	
4916	18	12328	
6210	65	12255	
5579	5580	4122	
5585	5586	9782	
6214	5589	8684	
5591	5592	135	
5580	5594	11865	
5596	5597	15402	
6216	18	7114	
4401	6220	7839	11273	
6224	6225	7206	
6227	6228	13003	
5730	5731	8826	
6230	6231	4378	
2576	6233	14137	
5104	938	11386	9649	
5106	5107	3332	16161	
5110	5111	12842	10429	
5114	5110	8555	14278	
5118	5106	8941	8900	
5124	5125	9900	2743	
2438	3218	2630	
6238	6239	1810	
3053	5700	5701	5702	5703	5704	10754	15212	9519	9127	471	1372	
6248	6249	2473	
6256	3962	135	14306	
6258	8872	
4115	5817	14438	
5390	5391	254	
5396	18	12790	
5252	5253	3372	13404	
5252	5253	8348	3063	
5528	5529	4531	14495	
6273	18	8912	
5878	530	415	
1103	6287	8110	
6292	6293	13488	
6295	6296	3183	
6301	6302	7873	
6313	6314	5658	
2520	5157	1727	
4115	6323	8582	
5654	5655	1263	
6325	18	12909	
6013	6014	4198	
6329	6330	3852	
5713	5714	10205	
3061	3062	13218	
6334	6335	7597	
5267	18	13187	
5269	18	10984	
4115	6254	5659	
1761	6206	13004	
6337	6338	5712	
6340	6341	13699	
6349	6350	13408	
6355	18	6822	
6366	6367	15347	
6334	6335	7993	
553	6369	102	
3586	6371	137	8469	
155	6375	5780	
4331	6377	1008	
6381	1089	1406	
1596	6388	2071	
6392	6393	14712	
202	6395	12755	
2999	6140	4121	
5385	18	4480	
5312	18	556	
5236	18	3300	
6399	18	15000	
6401	1395	10786	12824	
3469	1395	12489	10849	
18	5782	10079	
5788	18	9719	
3070	6405	8342	10865	
6410	6341	13485	
5858	5859	2130	
6414	802	
2438	3218	6060	
6423	6424	9770	
6429	18	2729	
5043	6431	4408	
396	6435	8175	
396	6438	15088	
6440	6441	16106	
6443	4466	4753	
6447	4466	6409	
6447	268	1725	
4916	18	12819	
6450	179	3845	13303	
6460	18	7514	
6462	6463	12000	
6471	6472	5570	
6480	6481	7599	
6490	6491	10385	
6496	6497	8999	9409	
6496	6500	13061	13007	
6496	6497	7783	12559	
6008	2298	
6514	18	8462	
6516	18	5632	
6518	4134	4077	
159	6523	10563	
3466	6525	2966	
6527	6528	4663	
6019	3162	8423	10602	
6538	6539	8389	
6541	6542	9755	
6544	2429	8684	
857	6546	3900	
2999	6140	15020	
18	6553	14071	
79	5841	187	
6557	6558	7716	
6329	6330	1543	
5679	658	11321	
67	5728	7318	
6572	5292	656	
6574	6575	12314	
3352	6577	3579	
3352	6577	10855	
6583	3352	3083	
6588	6589	228	
5171	5172	11840	
6188	1037	2313	
6190	1146	9513	
6202	3437	5697	
5048	5049	8921	
2079	5051	1958	
5053	5044	1015	
5058	5044	5389	
5046	1592	6323	
6397	18	6531	
6606	530	15247	
6142	11073	
6611	6612	13965	
5029	18	14844	
6616	6617	16090	
6619	6620	1129	
6069	6070	3148	
5756	6269	11030	3821	
6625	6626	7653	
4671	6628	4853	
6630	4803	2431	
5393	5394	6206	
5396	18	436	
5394	5398	14555	
5400	5401	589	
175	6639	14437	
175	6648	3858	
6645	6654	13850	
6656	1596	9991	
6658	6022	6403	7466	
6663	18	1676	
6669	18	8335	
6671	9783	
6675	6676	7088	
6678	1179	15777	
1061	6680	9393	9421	
6681	6682	11415	
6684	18	13924	
1976	586	13244	
3007	1973	7447	
6688	5014	2983	
6690	18	3622	
5487	5490	13982	
5487	6011	1628	
6163	6164	3244	
6168	6169	3325	
5792	6692	6091	
4525	6696	8257	
6337	6338	6986	
6700	6701	7580	
6700	6701	9064	
6706	6707	1689	
6716	6717	16054	
6723	6724	11119	
6726	5412	
4115	6727	1250	
2576	6233	2646	
6230	6231	11862	
6731	18	15535	
6735	3252	2161	
6737	6738	9311	
6746	6747	13733	
5654	5655	4407	
1552	6749	11540	
1994	6751	1177	
6753	6754	2664	
6759	6760	10709	
6757	6762	11006	
6260	18	15900	
6764	18	14320	
6766	18	3478	
18	6768	5904	
6770	18	8192	
6406	6407	4722	15898	
6465	18	4438	
6467	18	4737	
18	6779	7181	
6518	4134	14950	
6781	5777	
6783	3595	
6787	6788	9467	
6426	6427	16137	
6794	7787	
6796	998	
6803	6612	15065	
6808	6809	1480	5776	
6811	7774	
6813	6814	8366	
6816	5130	9792	
1994	6751	15867	
5683	3872	793	
6822	1195	11867	2239	
18	6828	14940	
6493	6494	5398	
6833	6836	5944	
2519	2520	11352	
2519	2520	9187	
4331	6377	12497	
3172	6384	7047	
6386	1774	10762	
6848	6849	1935	1296	
6852	6849	8048	6063	
6853	6854	7847	
6859	4525	10077	
6867	6868	8742	
6870	4465	13354	
4465	4468	11693	
6872	3857	3106	
4465	4836	13183	
6874	6875	11687	
6877	6878	5600	
4006	6880	10836	
67	5728	6033	
6882	6883	6800	
5720	6882	8305	
6886	553	6318	
6888	6889	2654	6030	
6892	6893	7685	
6895	6896	9967	
5846	5847	12844	4605	
3070	6405	12920	8969	
2849	2850	13978	
6909	6910	1035	
6925	6927	6928	3413	1392	
6566	6567	12692	
6931	6932	1745	761	
6700	6701	13687	
6700	6701	14170	
6937	1474	5400	
6937	6939	1664	
6943	1149	14791	14550	
6945	1149	11946	5474	
5744	18	11992	
5302	5303	15090	
6406	6407	4978	6545	
6948	6949	13458	
6418	18	12981	
6951	5478	
6142	6921	
6953	6954	4392	
6956	18	13521	
3872	6958	2442	
6953	6954	1760	
6956	18	1092	
3869	18	6105	
6594	6595	8187	
6962	6963	6827	
6965	6966	11262	
213	6774	2149	
6625	6626	3970	
6974	6975	9081	
6979	6980	899	
6601	6602	11005	
4206	6604	9212	
6103	6104	12319	
6713	6714	3537	
6716	6717	13961	
2849	2850	1935	
5230	7601	
6993	6994	5764	
6996	18	14740	
2167	7005	10354	4967	
2079	6188	8276	
6187	6188	14750	
6187	6194	2103	
6190	1146	12891	
6190	5534	12661	
3437	6197	10753	
6199	3437	6230	
3137	7008	12069	
2519	2520	2932	
18	7013	11680	
2535	7016	8853	
7018	1179	341	
5867	18	9359	
6585	6586	9405	
6840	18	11961	
7031	7034	3925	
6865	2511	1693	
7036	18	8958	
7038	18	7888	
6923	6924	6138	7780	
590	5292	867	
7043	18	2219	
7045	18	6306	
7050	7051	14040	
7053	18	11643	
7057	7058	6539	6965	
6954	7060	14392	
7062	7063	412	
6753	6754	9353	
18	7066	14857	
3975	3976	8888	5574	
1230	7071	2208	
7068	4763	10329	
1976	586	15544	
7077	7075	13906	
3070	6405	13009	8621	
7086	18	15046	
4206	4802	16094	
213	6774	14900	
7089	7090	15798	
7104	7105	747	
7110	9786	
7112	7113	8726	
7118	624	7550	
6406	6407	10511	2074	
7130	7131	14718	
6406	6407	10580	6683	
6951	2738	
7138	7139	4440	
7138	7141	11113	
7147	7138	7346	
7154	8223	
7158	7159	3586	
7161	7162	9509	
7164	7165	16131	
213	6774	4466	
7170	548	1999	
5330	6551	7838	
7020	1179	5971	
7022	2429	9617	
7024	7025	12359	
7018	1179	676	
7022	2429	9358	
7024	7025	7785	
7175	1195	16274	
1195	7177	2442	
7179	5720	6137	
6406	6407	13294	9417	
4985	7185	14898	13857	
7188	7189	7190	704	10886	7535	
6460	18	4413	
7192	18	10078	
7194	7195	8519	
5043	6431	3209	
4206	7197	489	
7199	7200	14115	
7202	7199	13325	
5333	7206	8601	
4331	7208	4244	
7210	18	9518	
7022	2429	10257	
1960	134	14275	
5720	6882	1584	
18	5740	5927	
7213	7214	4903	
7216	7217	12606	
7216	7219	3722	
2608	7084	15934	
7223	7224	4426	
7229	18	11222	
7231	7232	3042	
3722	7231	10337	
2519	2520	6417	
7179	5720	11381	
7244	33	1108	2160	
6746	6747	3083	
6089	6090	2701	
7246	18	11313	
7248	7249	12804	
624	7257	2122	
7264	7265	11507	438	
7272	2397	2885	
6840	18	5631	
7278	7279	3550	
7237	5523	11310	
7281	7282	14446	
6998	6999	8246	
4405	7286	2109	825	
3093	7287	1767	2488	
7291	5014	14575	
7293	7294	10778	
7296	7297	7289	
7302	7303	1899	
7307	7299	5590	
7309	18	4879	
7311	18	13477	
7313	7314	5339	
7316	7317	2842	
7319	7320	1700	
7322	7323	3209	
7327	7328	3888	
6516	18	15082	
6877	6878	8775	
4006	6880	4114	
7082	7075	2056	
7330	7331	12558	13788	
6998	6999	2733	
6987	6988	4282	
7339	7340	10070	
7345	15940	
6434	6435	11268	
396	6435	14880	
396	6438	7576	
7357	1623	7139	
7364	7360	12925	
5792	6692	11392	
7372	7373	10105	
7375	7373	4535	
7377	7378	10086	
6953	6954	15055	
6956	18	6085	
6956	18	10870	
789	7383	7686	
6787	6788	9741	
67	5728	14536	
7389	7390	2760	13393	
7018	1179	4566	
7393	1101	8588	
7395	15789	
7397	11156	
7399	4918	12947	
5302	5303	15837	
7401	7402	7903	
7401	7404	2075	
7406	7407	7856	
7409	7410	772	
6954	7414	10086	
7416	7417	15834	10848	
7427	7428	11086	
7430	723	15591	
7433	7430	2136	
7435	7436	11248	
7293	7294	5188	
7296	7297	5141	
7299	7300	2404	
7307	7299	15308	
7438	7439	1784	
7199	7200	5597	
7202	7199	9929	
7441	18	6562	
7446	7447	9643	
85	12965	
7458	7459	12491	8314	
7461	7462	1122	8228	
6089	6090	11553	
7465	7466	7407	
7468	7469	6106	
18	7471	16229	
7299	7300	2542	
7303	7305	11357	
2079	7456	7873	
3975	3976	15600	13447	
7476	7477	5960	
7484	7485	7255	6445	
7110	912	
7494	7495	893	
7500	138	15511	
7502	7503	2420	
7020	1179	3813	
7022	2429	6011	
7152	6093	4695	
6951	1273	
3357	7385	466	
6514	18	4224	
6516	18	12887	
6951	948	
7507	18	2065	
6925	6927	6928	12189	8388	
7509	18	14856	
6951	2991	
6951	16195	
7513	18	3234	
6095	6093	6031	
6100	6101	599	
7515	7516	14657	10321	
7522	13935	
7372	7373	6347	
7375	7373	277	
7529	7530	15182	
6462	6463	5443	
7536	7537	15250	1475	
1136	7541	1393	
7543	2189	
7154	2621	
7156	6053	
7545	2024	
7242	3751	14491	
7547	10935	
7183	18	4293	
6006	18	3402	
6588	7549	13075	
7554	159	3862	
6462	6463	929	
7562	7563	6903	
7509	18	11598	
7565	2440	6032	
1061	7567	4987	5340	
7569	140	810	7280	
6688	7571	1503	
7573	7574	13278	
7585	6954	9574	
5330	6551	8257	
6204	18	10037	
7036	18	2818	
18	7591	10043	
7595	18	3082	
7593	758	5953	
7600	7601	11154	
7605	18	5995	
7223	7224	9047	
18	7591	7211	
7593	758	15782	
18	7591	7754	
7593	758	1910	
6204	18	1570	
18	7591	12774	
7593	758	13576	
7589	18	9850	
7593	758	5118	
2438	3218	14079	
7610	7611	3559	9458	
7086	18	8821	
7614	7615	16285	14864	
7620	7621	2031	14108	
7339	7340	5083	
7345	439	
3070	6405	1190	965	
7633	18	3493	
3385	7635	360	
7642	7635	11492	
7646	7635	5779	
7649	7635	8216	
7272	2397	11897	
1078	7651	6684	
7416	7417	4082	1710	
7656	18	5129	
7210	18	4457	
7658	7659	7277	
7605	18	10397	
7372	7373	5581	
7667	6491	4960	
7669	1113	
7062	7676	4228	
7678	12755	
7680	3433	
7682	18	16033	
7684	7685	14607	784	
7691	7692	14433	
553	7698	15825	
7700	7701	9107	
4368	7703	8426	
7705	553	6496	
1960	134	15598	
7716	7717	970	5502	
7406	7407	12647	
3979	12	9079	
3979	12	1281	
7728	7729	8216	
7731	7732	14599	
7734	7731	14873	
7736	7737	223	
7744	7731	13141	
7746	7726	6135	
7754	7756	15604	
7754	7758	14541	
7380	7381	2116	
7293	7294	13527	
7303	7305	3210	
7760	7761	8851	2589	
7607	7608	6238	16152	
7763	3093	7514	10907	
7766	7272	1470	
7766	7771	2363	
4948	7773	4799	
7775	3872	10109	
7784	18	3124	
7439	7487	10084	
7490	7492	15932	
7259	7260	11005	
7780	7781	12558	2555	
7123	624	4616	
7120	7121	14763	
7791	7792	3016	
18	7794	10754	
7152	6093	15466	
7502	7503	6533	
7798	7799	2481	
7805	138	11430	
7807	934	1852	
7809	6372	3608	
7813	7814	8980	
7816	7817	12643	
7397	3692	
7819	18	11552	
2438	3218	14038	
7823	11284	
7825	5376	
7213	7214	12678	
7829	7830	9911	
7832	7833	11364	15842	
7839	7837	7800	
7845	7837	9431	
7854	79	10642	
7858	7859	2252	
6173	6174	13448	
7293	7294	9757	
7307	7299	11966	
7863	7864	10871	
7866	7282	15688	
7869	18	4237	
7869	18	4583	
7502	7503	8003	
7881	18	13584	
7511	10566	
6700	6701	14859	
7887	12221	
7651	2745	92	
7651	3383	9229	
3722	7651	2555	
6953	6954	2672	
7889	7890	14557	13187	
7892	3383	13642	
7892	3375	9061	
3722	7892	11966	
7892	5241	16234	
7901	18	15158	
7903	7904	9474	
7909	18	13092	
7911	7912	900	
7916	3481	12445	
6787	6788	6522	
6550	6551	15612	
7582	7583	7502	
7502	7503	9273	
3722	7928	8420	
6210	65	11611	
3093	7287	8731	7595	
7937	7938	6483	3105	
7939	7940	12149	12231	
7946	7947	10968	2352	
5555	7958	9579	
2763	7972	9099	10487	
7973	7974	8375	
7979	7980	626	
18	7982	13967	
7989	1179	11616	
7991	7992	10997	9437	
7995	7996	5468	
5720	8002	11050	
8004	8002	12665	
8006	1809	3077	
2497	8012	3267	5872	
7836	7837	7475	
7837	7843	15539	
7850	1942	6649	
8018	3686	10916	
2497	8012	2342	3133	
8013	806	16274	9018	
8020	8021	10105	
2438	3218	8950	
1478	8023	14582	
8025	8026	12445	10843	
5195	1110	11813	
4331	376	632	8125	
8029	8030	10353	565	
8033	8034	748	
8036	8037	373	
8043	8040	4082	5373	
7816	8045	15566	4661	
8051	8047	9553	4438	
8057	8040	3060	5382	
8059	7293	4786	
7293	8065	9341	
7293	8071	5811	
2608	8073	6639	
7327	8075	14274	
8077	18	11039	
8079	8086	13511	
8092	3781	2072	
7892	3383	14250	
7892	3385	9796	
7892	3375	12832	
7892	7897	3864	
3722	7892	11115	
7892	5241	3407	
7380	7381	12664	
8097	8098	4557	
8108	8112	15431	15185	
8113	8114	15318	7519	
8108	8117	548	242	
8108	8121	15804	13933	
7118	624	14183	
8129	8130	6767	
8132	8133	9011	2518	
7753	7754	2765	
8141	18	7356	
8143	8144	10898	
8136	8137	15227	
8136	8139	7006	
3013	376	6910	
8108	8109	8513	12247	
8108	8117	13806	8228	
8108	8121	14139	10621	
8108	8125	5075	9720	
8127	8108	5084	6729	
4910	8149	12124	
4910	8149	13315	
4910	8149	9673	
8153	8154	1597	
7725	7726	14000	
7728	7729	16154	
7731	7732	12262	
7736	7737	4320	
7739	7740	11634	
7742	7731	7307	
7746	7726	6663	
7726	7748	5325	
8156	8157	1457	
8159	8160	10485	
8014	1110	10270	
8016	1110	14531	
7651	3383	1742	
3383	7635	2270	
7638	7635	15055	
3381	7635	8147	
7642	7635	5442	
7644	7635	4802	
7646	7635	4187	
2745	7635	5661	
7649	7635	16077	
3383	7635	14577	
3375	7635	11947	
7635	3377	5402	
3381	7635	6928	
7644	7635	1291	
7646	7635	15612	
7780	7781	1134	2251	
7780	7781	11183	6267	
8185	8186	3078	936	
8188	8189	9939	2749	
352	8191	8192	13669	12807	9800	
8197	8198	5694	
7858	7859	12547	
8203	18	6337	
8205	8206	6263	9551	
7419	7314	2855	
7786	7787	485	
7152	6093	1456	
18	8214	8781	
8216	8217	16230	
8219	138	11052	
7593	758	6591	
8225	18	13320	
7607	7608	12612	11480	
7892	3383	13015	
7892	7232	7872	
7892	5241	13050	
4020	8232	3342	
8237	8238	4068	
8242	8240	11773	
8247	8248	15215	
8250	18	5002	
8252	7837	8420	
7845	7837	1892	
7850	1942	5577	
8018	3686	8311	
8034	8256	7349	
8258	7837	3116	
8216	8217	13703	
1478	806	5529	15029	
8273	765	4239	
8281	8279	2178	
8279	8285	15758	
8287	8288	3240	
8287	8293	6357	
8296	8298	13008	
8307	4074	10115	
8180	8181	999	
8180	8183	16200	
7854	79	9890	
8309	18	5480	
8311	8312	9050	
8311	2079	7407	
8329	8327	905	
7123	624	4411	
7118	624	1281	
7120	7121	6952	
8336	18	1743	
8338	8339	2951	
8347	8348	9668	
8329	8350	10231	
8355	8356	10038	2735	
8366	8362	16114	
8371	8372	11456	
6401	8374	8375	4089	15604	
8377	18	1836	
7858	7859	4323	
7780	7781	16219	13549	
8387	18	14069	
8389	18	11445	
7906	8395	7749	
5641	5642	530	2760	
5645	5649	13007	4096	
8397	8398	12085	
8400	8401	16088	
8407	8408	13080	
7682	18	14747	
8410	8411	6136	
8413	8414	1181	
6401	8374	8375	13043	15908	
7858	7859	10554	
7562	7563	15117	
8416	18	9616	
7334	2337	11354	10030	
8418	8419	366	8248	
7397	12429	
8425	18	11463	
8391	8392	10492	5302	
8432	18	2643	
8436	8437	29	3096	
8439	8440	1896	3238	
8159	8160	2284	
8443	2608	11671	
8447	5899	
8453	337	14312	
7562	7563	2661	
7559	7560	10157	
8008	8009	7628	13664	
8456	8457	945	
7589	18	3838	
4331	8461	4783	11398	
8468	8469	9172	16175	
228	6208	171	
7507	18	5326	
4877	8102	8208	
8476	138	4612	
8481	18	5274	
8141	18	14139	
8490	18	8100	
7796	2429	5942	
4910	8149	3882	
8508	8509	12209	
8250	18	14837	
4910	8149	67	
1176	8514	5705	
8516	8517	4354	
8519	8522	7985	
8524	8525	3205	
8520	8524	6236	
8524	8530	12266	
8524	8536	11450	
8538	8524	6239	
8524	8541	2535	
8524	4090	2545	
8548	8524	5041	
8550	8524	15753	
8524	8554	15998	
8556	8524	13481	
6355	18	9665	
8567	8568	8569	15845	11341	
8564	8565	9271	10337	
8593	4697	4819	
8601	8602	15890	
558	18	2550	
7780	7781	13820	2878	
7152	6093	11685	
8612	8613	9099	
7296	7297	7484	
7299	7300	14061	
7302	7303	11348	
7307	7299	16199	
7780	7781	2561	8927	
8617	15783	
8622	8623	5286	
8625	8626	7749	7783	
8631	4674	
8338	8339	9330	
8636	8637	13644	
7839	7837	3733	
8647	18	10065	
3074	8649	246	
8651	5014	
8653	8654	15911	5709	
7998	6329	2515	
8657	2834	15264	
4675	8659	12941	
8180	8181	8585	
8180	8183	820	
7780	7781	261	15549	
8668	8669	10847	
8682	8683	1866	
8034	8687	4168	
8689	8690	11851	
8697	2566	
7809	6372	11031	
7811	138	3711	
8703	8704	291	1215	
8711	8703	9395	14899	
8715	8716	8686	11477	
8707	8713	15122	16203	
1248	8719	4694	
8721	8722	13599	1116	
7836	7837	4011	
7841	7837	15276	
7847	7848	2152	
7837	7843	2410	
8727	8728	3066	
8034	8256	3360	
4515	8743	2469	
8745	758	14263	
8750	2781	5944	13238	
7789	4123	1544	
8754	18	14561	
4340	8758	12233	
8763	8764	16037	10717	
8767	8768	11782	3313	
8767	8772	10175	6410	
8776	1942	3565	
8781	2429	569	
8783	7887	14442	9012	
2834	8785	9339	
8787	8788	6360	
8795	8796	8387	
8798	8799	11643	
8801	8802	7614	
8808	18	11976	
8810	8811	10429	
8496	8813	5959	
5404	8815	2621	
8817	8818	8398	3359	
8820	8821	3685	4223	
8824	8825	4142	11866	
8776	1942	7953	
8830	4540	9336	
7573	7574	11055	
8836	18	14773	
7903	7904	11138	
8838	18	15274	
18	8842	5556	
7565	2440	8255	
8848	8849	8595	
4530	8851	7292	14799	
8852	8853	16004	13956	
8018	3686	9167	
8855	18	4630	
7416	7417	6258	9977	
8859	8860	14698	
1195	8862	12097	
8423	18	5984	
8864	8865	6593	
8867	4384	11669	10939	
635	4384	8869	5749	4228	8132	
8871	8872	4180	
8879	8872	12903	
8872	8887	15658	
8891	8892	401	
635	4384	8869	10763	12119	5434	
8902	18	5895	
6514	18	5435	
6516	18	2815	
7837	8904	10071	
8910	8911	14178	
8100	18	10401	
4877	8102	179	
8918	18	5431	
8352	8353	646	
7511	11903	
8922	8923	4218	1021	
7416	7417	5182	7546	
6516	18	7321	
7416	7417	8809	13737	
6178	6179	8207	
6840	18	10531	
8933	18	8743	
8323	8561	1742	5348	
4384	8869	11583	13741	
8935	7481	10314	
8937	8938	2832	
8962	8963	9462	
8965	8966	297	
8970	1556	4621	
8974	8975	2000	
8979	8977	12220	
8981	18	7096	
8983	8984	12065	
8994	18	13455	
8996	8997	13140	
9001	18	5364	
7805	138	5916	
7803	138	1860	
8680	18	9027	
9009	8941	5465	13761	
9011	8941	11026	591	
9015	9016	2343	
9018	9019	3932	
9018	9021	5094	
9025	9027	12272	12865	
9025	9029	3987	9438	
9025	9031	2683	2654	
7780	7781	13145	10912	
1203	9042	13053	
9044	9045	12905	
9050	18	15971	
4020	8232	3504	
9052	6949	
8792	8793	10489	
9054	9055	4949	
9057	9055	6015	
4675	7852	5116	
7854	79	10685	
1191	9061	10680	10151	
4115	9063	9064	11040	9148	13634	
5130	9066	15263	
7314	9082	3935	
8636	8637	14805	
9085	9086	13360	4308	
9086	9088	2591	9504	
9093	9094	13240	
4934	9099	6646	
4020	8232	2037	
9103	10669	
9105	18	14074	
7509	18	11557	
8609	18	170	
9107	9108	4720	
9110	8914	374	
9112	8914	14283	
9114	159	6802	
9119	18	9677	
8385	11629	
9123	9124	12560	7420	
9130	9131	12746	
8955	18	7496	
2429	8430	12640	
9133	9134	15834	
9139	9140	6493	
9142	9143	1288	
9142	9145	12814	
9153	9154	14130	
9159	9160	13864	
9162	9150	2011	
9166	9167	9168	5311	6852	
9173	9162	9433	
9175	9176	3973	
9181	18	15172	
7780	7781	14458	767	
1078	7651	8255	
3383	7635	12018	
3385	7635	16069	
7638	7635	15733	
3375	7635	12865	
7635	3377	15031	
3381	7635	13295	
2745	7635	12158	
7649	7635	14653	
8508	8509	90	
138	9183	14710	
9185	18	9643	
9187	18	979	
9189	9190	8976	12062	
228	9192	307	
9196	18	3223	
2763	9201	3894	
9203	18	3649	
8981	18	7842	
9207	6166	3131	
3733	9209	8520	
9214	4417	
9217	13405	
922	879	12490	
9224	1179	12528	
9226	9227	9709	
9229	966	10609	
9236	6701	11023	12287	
8486	18	10234	
3677	9242	9725	13676	
8965	8966	8865	
8326	8327	8458	
8331	8327	474	
9244	12492	
9246	5912	
7780	7781	1182	2605	
4093	1179	2146	
1761	6206	9142	
6210	65	2778	
9011	8941	309	8439	
5098	9270	7851	
8846	18	1400	
9272	11855	
9276	18	4090	
9281	9279	13294	
9283	9284	12633	
5154	5155	10811	
635	4384	8869	7711	7531	10967	
65	9286	2589	
3176	9297	3098	
9299	9300	541	
7986	7987	10310	
1103	3643	12108	
9311	9312	1249	7773	
8763	8764	9597	14557	
8275	8276	5361	
9314	8287	6265	
8281	8279	1831	
8275	8283	1710	
8279	8285	6984	
8287	8288	9048	
8290	8291	10988	
8287	8293	568	
8296	8298	8818	
9318	9319	4641	
9321	9322	9403	
9327	9324	1231	
1319	9329	12948	6837	
1195	8604	4933	
9238	15962	
9321	9322	15326	
2167	9338	7637	11874	
7593	758	342	
866	8857	13614	1482	
9342	9343	2002	
9345	9346	5578	
9365	9366	9775	
9370	9371	304	
8352	8353	6481	
8902	18	12761	
6112	9375	15804	
7780	7781	8457	11151	
9379	9380	8348	
9389	9390	4828	
9390	9392	6441	
9396	9383	12102	
9398	9383	13781	
9400	9383	3862	
9383	9404	15217	
9383	9406	12136	
9013	36	
9236	6701	11075	12330	
8636	8637	9622	
3270	9414	15322	
8689	8692	664	
8642	8643	13463	
9423	9424	6820	
8496	8813	1785	
8141	18	15243	
9435	9436	1406	
9443	9444	5621	
9449	9447	985	
9457	9458	10760	
9332	9333	6634	
9464	9292	7642	
9466	9467	5719	
9469	9470	15438	
4498	9472	16127	
9474	16224	
8955	18	16023	
9478	4320	14693	
7511	8566	
9485	18	4629	
9496	9497	2652	
228	9192	10998	
9499	9500	8055	
8352	8353	4657	
9509	9510	12553	
3270	9414	861	
9520	9279	4901	
2511	9532	16025	
9534	9535	6846	
9537	9535	1311	
9542	9543	1090	14502	
7780	7781	12627	15449	
635	4384	8869	10312	12238	6851	
8899	4384	8900	7202	13915	3177	
635	4384	8869	7108	1844	1196	
9547	4248	10166	
8657	2429	6912	
4675	8659	1799	
9556	5827	5062	
9558	9559	8773	13614	
8275	8276	11179	
8275	8283	3645	
8290	9316	7757	
8287	8288	9	
8300	8301	4763	
9566	9567	12707	
5130	9571	13786	
9578	9579	4912	
3062	8872	9001	
8877	8872	1721	
9583	8872	3925	
8872	8883	10866	
8885	8872	3675	
8889	8872	14952	
8872	9585	3918	
3733	9587	4944	
4256	9589	2643	
9591	18	15968	
9591	18	2620	
9009	8941	10000	2531	
9011	8941	3962	6703	
7607	7608	961	9160	
9602	18	10361	
8928	18	4050	
9609	9610	2406	
9612	9610	13988	
9620	9610	11281	
9625	9610	4452	
9288	18	14903	
9631	9632	10809	
9637	9638	3120	
9640	9641	9386	
9652	9649	15250	
9656	9649	11294	
9660	5828	
9123	9124	4738	15043	
8311	1157	3157	
9662	9663	1029	4937	
1736	9666	7482	9742	
9667	9668	15126	
9670	9671	10681	
4200	9675	1991	
9679	9680	933	
4206	9682	7614	
9684	1550	3188	
4206	9682	4640	
9690	9679	3319	
9692	5588	
9604	9605	9296	
9694	9695	11735	
9697	2429	1279	
9699	1341	13360	
9704	9705	7210	
3547	9708	5774	
4525	9708	16209	
9335	9336	3412	
8315	7821	159	
9712	6401	9713	7170	13130	
9721	3342	9722	3266	9382	
9725	9726	16211	
9728	15179	
8651	10433	
9725	9726	13240	
9735	18	6839	
9737	12410	
9743	18	3516	
20	9745	1202	
9194	18	9409	
9752	18	2511	
9756	6197	11292	
8776	1942	8419	
9379	9380	10534	
9383	9406	3533	
9383	9760	11561	
9764	9383	1386	
9383	9766	10292	
9383	9387	2823	
9383	9394	11436	
9768	9390	10276	
9389	9390	1056	
9770	9390	5140	
9396	9383	12968	
9772	9383	12399	
8642	8643	11891	
8640	1149	3878	9596	
8180	8181	9270	
8180	8183	4042	
9778	9779	3205	2855	
9783	15962	
9785	9328	
1191	9786	11980	8454	
8701	138	9078	
7805	138	11070	
7803	138	7145	
8180	9789	13829	
9793	9794	2692	
9796	9797	3603	
9050	18	12220	
9801	9802	15222	
9377	12307	
9804	9805	13122	13619	
9377	15895	
2519	2520	13174	
9815	18	7109	
9820	9821	10001	
9823	13849	
4675	8659	8402	
7607	7608	7720	9146	
9377	8954	
8432	18	11912	
9827	18	4210	
3722	8977	1633	
6197	9833	10305	
9835	18	3605	
9187	18	13610	
9839	3970	11264	
8657	2834	10561	
8416	18	2559	
9847	9848	2576	
9545	3290	5003	
9854	18	11297	
9856	18	6734	
9490	9491	2258	
9493	9494	4035	
9858	1928	5402	3175	
4650	9865	9351	12025	
2079	3469	9868	13727	2432	
2079	3469	9870	15760	13673	
9872	9873	12449	
9903	9904	9779	
9908	433	5526	9163	
7780	7781	14003	11019	
9451	9452	10299	
9910	9911	4879	
8432	18	16183	
7397	1308	
695	9913	1554	
9105	18	7393	
922	879	8728	
7780	7781	1790	12232	
9918	9279	8630	
9248	2273	
9920	18	336	
9922	18	14923	
9214	2234	
1478	806	14458	10020	
8996	8997	6880	
8999	8997	3910	
9926	8996	5924	
9928	9929	3770	
9931	6491	2108	
9933	18	8893	
9935	9936	3538	
4675	8659	14152	
8680	18	10935	
8642	8643	10163	
8645	2304	3838	
9928	9943	4874	
7589	18	16221	
9485	18	10851	
8657	2429	12028	
8657	2834	3777	
9362	9363	3433	
9365	9366	3346	
9368	9360	9216	
9370	9371	10601	
9956	9957	6296	
2429	8430	5003	
5404	9965	9950	
5404	9965	601	
8735	1928	15063	11362	
9967	9968	35	
9973	9971	11214	
9971	9975	13898	
9979	9971	8323	
9971	9981	5032	
9971	9987	8327	
9971	9989	2560	
8230	18	892	
9993	9994	3381	
9566	9996	9958	
3062	9998	9425	
10003	11725	
10000	10001	1665	
8629	11209	
10005	18	14737	
10007	5716	
9614	9610	6404	
9618	9610	4129	
9625	9610	11059	
10009	1417	
10019	10020	6003	
10022	10023	10221	
10026	10027	9431	
9609	9610	7267	
9622	9623	15589	
9263	18	10567	
10031	18	4867	
10031	18	7262	
10040	18	15466	
10042	1816	7565	
10044	10045	15616	13982	
9303	9304	5636	
9306	9307	6121	
10055	10056	1283	
10055	10056	12175	
10058	2429	2917	
10060	10061	14637	
10072	10064	8137	
10056	10085	14230	
10087	10090	2463	
3385	10092	6547	
10092	3377	5961	
10098	10099	7005	
10103	10104	14854	
9566	10108	15168	
3270	9414	12239	
10112	4530	
5387	10120	1810	3471	
10127	18	3237	
10129	10130	7173	1213	
10132	10133	15931	13461	
10135	18	7967	
8403	8404	10461	13918	
8034	8687	5547	
8689	8692	6228	
10137	10138	11698	12582	
889	10140	14001	
18	10142	12868	
4397	10153	6071	
10155	16062	
10156	10157	15762	
10159	10160	4772	
10162	10163	8799	9156	
3434	10168	7401	
10170	10168	8182	
6572	10168	6778	
9821	10168	9392	
10174	10168	13490	
1252	10168	7570	
1720	10168	7449	
10189	10190	9429	
10194	18	10016	
9001	18	3263	
10205	18	2833	
1115	18	6927	16044	16027	
10210	6920	769	11964	
10213	10214	14356	
10219	11362	
10221	10222	14297	
4972	10224	7637	4875	
10225	2942	9522	
10227	10228	5509	
8657	2834	1787	
4675	8659	13758	
10233	9610	15572	
10235	10236	7159	10610	
10239	10240	2826	11209	
5065	10243	299	15772	
10251	10252	12606	12733	
10255	4636	8701	4460	
3586	10257	9930	6196	
9602	18	9842	
10261	10262	9161	
9377	7051	
9377	10245	
866	8857	15303	9831	
10264	18	9546	
5230	15928	
9382	9383	13205	
10266	9390	13094	
9389	9390	15782	
9390	9392	12265	
9383	9394	6551	
9400	9383	14031	
9774	9383	12514	
9383	9404	9455	
10268	4020	15477	
10270	9610	14677	
9160	10275	4662	
2667	10277	15817	9299	
10280	8419	4130	14180	
2337	10282	4703	918	
10285	8419	14576	1101	
10287	10288	15821	7908	
8432	18	1441	
2975	10293	6481	
4206	10295	11924	
10297	10298	10749	
10302	18	5404	
8278	8279	15188	
9314	8287	14627	
8281	8279	9251	
8287	8293	13773	
8295	8296	13580	
8303	8300	8332	
9340	11741	
9377	8073	
10308	11944	
8674	8675	4645	
7667	6491	14575	
10312	18	7714	
8622	8623	11196	
9566	9567	6808	
8245	9562	5407	
3062	9564	13171	
10092	3377	3075	
866	8857	12819	425	
10319	18	7247	
10321	18	8800	
1556	10334	11249	
10336	10337	119	
10339	10337	7810	
10346	8887	13241	
10348	10349	4300	
10348	10352	14199	
9377	7635	
9839	3970	6358	
18	10371	12927	
10373	18	4853	
10375	12676	
8776	1942	4198	
9509	9510	8720	
9506	9507	12127	
10377	18	642	
4910	8440	4594	
9332	9333	9527	
5560	10382	5350	
4368	4057	8069	
10393	10007	
10395	18	5156	
9185	18	14314	
10404	10405	9151	
9123	9124	13463	390	
10407	8008	5379	15345	
10410	18	8640	
8657	2834	14498	
10007	2372	
10412	10413	11480	155	
8957	862	8920	
9604	9605	15891	
9699	1341	1252	
10424	10425	15108	
6946	5631	2512	5292	
9725	9726	4424	
5098	9270	6108	
2687	5501	14702	
9609	9610	14165	
9618	9610	4064	
9620	9610	6438	
10435	18	14757	
7918	7919	1750	12663	
10437	10438	10571	
9377	5896	
10442	10443	12806	
3234	10445	10331	
10449	10450	14016	
10452	10453	758	13814	10345	
2348	10456	10457	6717	7594	
4436	10460	10148	10091	10753	
4020	10470	642	
10472	10473	13384	
9880	9881	9673	
9883	9884	8536	
10478	10479	12209	36	
10482	4865	9944	
4020	10484	15131	
10486	10487	5372	
4020	10491	8429	
10493	6935	8282	
10500	1990	1182	
4206	10502	11572	
10504	10505	16064	
9377	15068	
18	10507	9055	
10509	10510	10511	15979	2886	
9340	13008	
10514	10515	14807	
3270	9414	5126	
10522	10523	6363	
10525	10526	10602	
10528	10523	3576	
10530	10523	6585	
9602	18	2079	
10310	18	13018	
9044	9045	12130	
2519	2520	15394	
9377	5347	
8478	8479	7251	
8516	10537	7656	
10539	10540	1309	
10542	10543	12980	
9426	9427	985	
10547	10548	10549	5161	5268	7430	
10555	9510	13174	
10557	10558	12887	4176	
4675	8659	1585	
10358	10359	5048	
1480	18	5858	
10562	18	15907	
9050	18	8754	
3547	9708	11936	
4525	9708	12545	
10564	10565	15133	
10577	10578	13132	
1994	10580	8440	
8245	9562	11110	
9566	9567	2012	
10582	10583	3558	
10588	10589	12376	
10591	2234	13276	
10210	6920	14069	6983	
10600	10601	1975	
10582	10583	13672	
18	10607	9792	
10603	10604	10330	3733	
10613	18	14233	
10615	18	9470	
8636	8637	2136	
10619	1889	9976	
10621	16196	
10623	10624	2612	
10626	18	1788	
10630	10631	5856	
10429	10430	14726	
10092	3377	265	
10633	3864	16021	
10633	10635	8181	
10633	10637	13889	
18	10639	9467	
10564	10645	9981	
3722	8977	1953	
10647	18	12876	
10649	15893	
9377	11925	
10651	18	6657	
10661	10662	1001	
10194	18	14873	
1115	18	6927	5327	12835	
8846	18	13369	
10665	10666	6779	
2519	2520	7298	
10668	10669	11310	
9576	5172	7118	
10671	10672	6974	
10681	10677	11394	
10685	10677	6591	
10689	10677	10855	
9059	5331	4701	
10708	10709	9198	
8657	2429	4181	
9290	18	6393	
10724	10725	363	7282	
10730	10731	6814	
10733	10734	899	
10733	10736	7706	
9025	9026	5102	9088	
9025	9031	4040	6414	
10740	8799	7675	
9935	9936	5165	
9938	9939	10979	
10745	10746	1520	
10755	18	1352	
6572	10759	1979	
10763	10764	8029	
268	10764	9831	
10767	10764	7355	
10769	10770	7593	
10772	4525	3532	
10774	10775	2667	
10777	10775	7370	
10781	10782	14993	
10784	10782	9767	
10786	10787	6395	
10053	18	10997	
10055	10056	12962	
10072	10064	16009	
10081	10069	11302	
10087	9873	3709	
10730	10794	8755	
5500	10796	12692	
10798	10799	12477	
10803	18	7727	
6572	10759	12585	
8957	862	8968	
1622	10808	15041	
10826	10823	3093	
10823	10830	647	
10832	10833	11913	
10832	10837	43	
10842	10835	14182	
10842	10837	7009	
10842	10840	4799	
10842	1639	10136	
10525	10526	13132	
10852	1968	
10854	10855	10439	
10857	18	1529	
10859	10860	1778	
10862	10863	6639	
10865	10866	8036	
627	10868	13939	
2348	10456	10457	15628	13181	
10879	18	10769	
10884	10885	8236	
8496	10887	11596	
10891	10892	2952	
10898	8421	
10910	10911	7033	
7780	7781	7094	9469	
10127	18	14363	
10913	10914	8976	
10916	8118	
10918	4477	14564	
9837	138	9202	
4115	4984	10746	
10933	10938	7332	
6238	10943	5911	
10950	10951	7669	
10953	10933	1095	
10963	10964	12825	
10968	10947	4638	
6319	10970	10402	
10940	10931	9722	
6238	10979	15513	
10985	5865	534	
6238	10987	5224	
10989	6242	8289	
6238	10993	4311	
5865	10999	3178	
11001	10927	10015	
10927	11007	3330	
11009	10974	14253	
6238	11016	1431	
11013	11022	15548	
6601	11026	1240	
8180	8181	6182	
8180	8183	7327	
1535	2174	
7605	11028	2249	11396	
11031	11032	11943	
11034	7158	11839	
11036	11037	7905	
11039	11040	8903	11078	
11043	11044	7597	11623	
11047	18	16017	
11049	5802	9878	
11053	11049	2351	
8846	18	2563	
10665	10666	3871	
9945	9946	9931	2474	
8180	8181	11402	
8180	8183	4896	
10514	10515	13498	
9123	9124	7471	12222	
11081	12449	
1558	11083	582	
10233	9610	15727	
10230	10231	2464	
11094	11095	861	
6327	11097	113	9849	
1241	8162	6142	
1241	4984	11031	
11100	11101	9074	
11103	11104	8998	
11106	159	306	
9377	16085	
9162	9150	4537	
9175	9176	3465	
9150	9151	7285	
9159	9160	1942	
9164	9160	9579	
9166	9167	9168	2779	10466	
9171	9162	206	
11126	11127	14025	
11131	3005	11138	
11135	4134	13337	
11137	11135	12017	
11140	10473	6195	
3939	11146	6650	
11148	1336	5575	
9967	9968	5489	
8645	2304	2873	
11152	70	5376	
11166	11167	11318	
11169	11170	13730	
11172	10402	10192	
9412	18	7023	
11174	11175	12090	
11179	18	14557	
9897	138	8598	
11184	11185	4981	
11194	18	251	
11196	18	4452	
9756	6197	9672	
9604	9605	12106	
9694	9695	4020	
9699	1341	14454	
3962	11205	1633	9252	
11207	3962	5457	4853	
11213	11214	10518	4873	
11218	11219	11220	2118	8191	14635	
9721	3342	9722	7152	10777	
5571	18	9095	
9627	7662	1823	
11234	188	1832	
4206	9682	3581	
4206	9686	14913	
4200	9688	7341	
9690	9679	6401	
9670	9671	9479	
9679	9680	15326	
11239	11240	10753	
8403	8404	690	10278	
11247	11248	3467	
10261	10262	9602	
9747	5014	5561	
9629	1226	15017	
10189	10190	15504	
11255	33	11129	11521	
11262	7406	
11264	12182	
11266	18	11811	
11268	18	6594	
11270	11271	13500	
889	10140	9404	
10135	18	8630	
18	11278	13283	
10609	18	9099	
11280	18	2781	
9047	9048	14937	
9044	9045	11509	
138	11285	11217	
3434	11287	5907	
9573	9574	14963	
4639	10753	810	
11294	11295	11398	
11300	11301	10962	
11305	11308	9542	
10181	11201	3024	
10221	10222	7531	
11317	11318	15273	
11320	8605	
10323	18	1652	
18	11324	8825	
11326	18	1930	
11330	18	9012	
10014	11335	10958	
10017	2595	
1319	11344	8964	
10053	18	8981	
11346	11347	5979	
11349	11350	9222	11382	
4990	11353	1650	7267	
11357	11358	12618	
8275	8276	12380	
9314	8287	11044	
8281	8279	3041	
8279	8285	14956	
8290	9316	2330	
11362	11363	2960	
11365	11366	10345	
11371	11372	8222	
11376	11377	4235	
8601	8602	14041	
8036	11380	6637	
11385	11386	1469	
11237	11388	6494	
11393	11394	8766	
11396	11394	14277	
11398	11394	3452	
11404	11394	11429	
11408	11394	9573	
11412	11394	13816	
11414	11394	46	
11416	11394	7958	
11418	11419	1010	
11421	11419	1521	
11425	11428	1778	
9466	9467	3170	
9469	9470	500	
9629	1226	14040	
11250	1880	12609	
11435	11433	522	
11444	530	1874	
10233	9610	16208	
10230	10231	5864	
9063	11446	2780	
11448	7503	550	
11450	18	4973	
11452	11453	119	
11461	11462	9446	
11464	10725	4811	8141	
10725	11466	4971	15004	
10894	4655	
11468	11469	4424	
11477	11478	14066	
11480	11248	
9050	18	13739	
9591	18	13476	
9591	18	16085	
9591	18	2335	
11482	18	12785	
10156	10157	12652	
11487	18	6047	
11489	7459	5516	15699	
11491	3122	205	4034	
11497	11498	11683	
6737	11503	14040	
11505	11506	6141	
4020	10470	10192	
10472	10473	12266	
9573	9574	10699	
9139	9140	8423	
9357	11513	4656	
1176	11521	6949	
11523	6677	
11527	11528	4505	
11528	11530	6609	
11528	11532	16127	
11534	11535	4466	
11542	11539	5692	
11534	11544	3276	
11551	11552	4895	
10452	10453	758	9698	13788	
11556	11557	9032	
11562	11563	380	
11565	11566	6234	
11565	11568	13827	
11566	11574	6920	
11582	11583	3915	
11588	11589	13275	
11593	4090	8603	
11595	9873	14189	
1552	11599	905	
286	11599	1333	
9866	548	11626	
9003	4401	12764	10461	
9003	9005	8015	12639	
10613	18	10847	
11610	18	76	
11031	11032	5015	
11036	11037	6651	
11612	11613	10351	
11615	18	5435	
10628	4248	12143	
11621	11618	14702	13583	
11623	9009	12884	1238	
11618	11637	8389	14704	
11645	18	679	
11647	11648	6544	
11650	18	3589	
1241	11652	2750	
1241	11652	121	
1241	11655	13687	
11658	11659	5930	
11658	11662	2207	
11667	11668	8173	
11658	11670	8402	
11658	11659	15513	
1241	11652	807	
11658	11665	6698	
11667	11668	4484	
11658	11670	14416	
11031	11032	5189	
2314	11674	3471	
9356	9357	4282	
11679	11680	13141	
10742	10743	8106	
10745	10746	3046	
11696	11694	5091	
11696	11687	14063	
11696	11699	14814	
11703	11704	16267	
11708	18	11471	
11710	11711	8050	
11717	7787	1617	
11728	11713	3725	
11735	11733	15645	
11737	8904	11916	
1942	11739	12784	
11741	11739	1377	
11739	11743	13724	
11739	11752	2567	
11739	11756	2062	
11758	11739	4246	
7960	11773	7196	
9542	11775	4157	12959	
1061	11777	4835	11782	
9542	11775	2216	12833	
1241	4984	10488	
1241	8162	2993	
1241	8162	13557	
11778	2895	
11782	11783	1495	
11785	11786	7772	
11786	11788	6801	
11790	11791	12939	
2519	2520	11235	
11793	11794	301	11185	
9660	7989	
18	11799	434	
11804	18	6048	
11806	11807	3191	5773	
11806	11812	15234	13422	
11818	11819	14585	
9938	9939	12422	
11826	11827	4037	
11829	18	12989	
11831	18	1016	
11461	11462	3831	
11836	1753	3567	
11838	18	7714	
8245	9562	7577	
3062	9564	2947	
9566	9567	15139	
11317	11318	14552	
11843	11844	4192	
2667	10277	10784	2804	
10278	18	3419	
10280	8419	14578	3730	
10283	2667	653	7145	
2667	10284	13747	12802	
11851	9427	9581	
11855	11856	10917	
4634	12345	
11860	11863	15172	
11860	11871	5764	
11860	11873	14442	
11276	18	14415	
18	10607	6130	
10609	18	14249	
10611	18	741	
11875	11876	12470	
11878	18	4319	
10593	18	9132	
10475	10476	3100	8860	
10482	4865	5179	
11880	11881	10500	
11883	11881	4321	
11885	11886	8753	
11891	11892	6728	
9377	15053	
10519	10520	1975	
10528	10523	8016	
8657	2834	11602	
4675	8659	7560	
11896	11897	7572	12996	
11902	11903	11191	
11905	11906	8832	
11913	11914	7229	
11916	11917	11644	
11159	11160	1716	14687	
376	11919	986	
11927	12807	
11927	8181	
11929	11662	
8323	8561	5667	942	
9631	9632	12117	
9629	1226	8221	
2774	11944	4049	
11946	11947	3913	
11949	11950	5842	
11952	18	16225	
11159	11160	6097	1683	
10424	10425	13507	
357	3028	11224	
11955	11956	44	
11960	296	
11962	11963	8769	
11965	11966	10159	5437	
1319	11344	4752	
11969	11970	5106	4607	
11972	11973	1646	5810	
11977	3028	5547	
11979	11980	7136	
11982	11985	5637	
11980	11987	4565	
11989	11980	6086	
11991	11980	14475	
11995	11980	1036	
11997	3028	15116	
11999	11980	16059	
12001	377	13928	
12006	3028	14507	
12010	11633	12162	2219	
9566	12016	9882	
12023	8703	15953	15971	
12025	7123	
12027	7969	
12029	15592	
12031	9400	
12033	13768	
12040	12041	14241	
1110	9954	4802	
12045	12046	5860	
12051	12052	9629	
12054	12055	14480	7041	
12058	12059	6129	
12077	12078	576	2482	
8864	12081	3760	
9377	9990	
12083	18	10164	
12085	18	11127	
12087	18	8718	
12087	18	14374	
12083	18	14319	
12089	18	12995	
12087	18	14683	
12091	18	13072	
10613	18	11348	
11196	18	13335	
12101	12102	2588	
12107	12108	9501	
12113	18	739	
12118	12119	9406	
12141	18	803	
4634	10352	
12145	12146	12147	11804	2790	
1319	12150	3422	
12152	12153	2002	
12166	1179	10891	
10582	10583	7208	
11878	18	9094	
7573	12169	615	
12180	12181	11369	
9831	4877	2754	
9728	11254	
12183	18	11470	
12185	12186	1773	
12192	12186	6275	
12194	12186	9879	
12202	12186	10731	
12213	12214	7513	
12218	12219	11639	
12221	13912	
1341	11713	2186	
8136	11715	10571	
11713	11723	10598	
11728	11713	14499	
11732	11733	14068	
11735	11733	7118	
12225	18	9054	
280	12225	2318	
11949	11950	8371	
12230	18	13212	
7573	12169	14291	
1556	12232	16068	
12238	18	12314	
12251	12252	7267	
9841	12254	14250	
11250	1880	14426	
12262	12263	901	
9629	1226	8883	
9629	1226	494	
12268	12269	12332	
12275	14482	
8270	12164	14454	
12280	18	6537	
11268	18	2255	
11034	7158	467	
12284	18	16009	
12288	18	15481	
12238	18	6973	
12290	12291	13879	
12293	12294	5657	
9928	9943	11976	
12297	12298	14822	10502	
11448	7503	408	
20	9745	1031	
11108	530	7127	
12303	12304	8840	
3722	12306	801	
12310	12311	4872	
12313	4729	10199	
10591	861	12997	
12316	12317	8326	3773	
12319	9823	
12321	13374	
11482	18	2960	
12327	12328	12329	9295	16032	
10236	10872	10579	15817	
12085	18	13564	
12083	18	7105	
12087	18	15917	
12335	12336	14095	
12238	18	8826	
12343	2981	4226	
12345	11548	
11927	6272	
11927	4820	
11927	12567	
11927	12199	
11927	12981	
9175	9176	14982	
9150	9151	14321	
9153	9154	15496	
9156	9157	2924	
9160	11118	5136	
9166	9167	9168	15996	14380	
9171	9162	4755	
228	12360	487	
11360	18	3808	
10564	11177	7335	
9967	9968	11293	
12234	6456	14719	
12368	12369	6878	
12371	12372	5696	2265	
10147	10148	1588	
12377	18	4340	
11360	18	8745	
12383	18	2001	
12392	18	1441	
8136	11715	8544	
11719	9427	9877	
11721	11713	8265	
9959	11713	2866	
11726	11713	15575	
11728	11713	8083	
11730	10298	12378	
11735	11733	7107	
12396	2248	
12398	12399	12849	
11268	18	5939	
2348	597	12402	14454	1222	
12404	12405	10169	
12407	18	11378	
4331	12409	1928	
11124	4256	487	
10323	18	8827	
10613	18	11299	
11196	18	5686	
879	12411	8432	
11159	11160	4547	14250	
12413	11557	8230	
10437	10438	4406	
9854	18	6549	
12415	12416	8993	
12321	4201	
12421	7618	8179	
12430	12428	951	
12432	6701	5031	
12434	18	8149	
18	12436	12146	
11385	11386	15444	
11237	11388	11299	
11390	11391	14220	
11393	11394	4635	
11398	11394	8690	
11400	11394	7995	
11402	11394	2335	
11404	11394	13084	
11406	11394	3760	
11412	11394	15084	
11416	11394	14890	
11418	11419	3808	
11425	11428	1151	
12438	2429	14561	
12447	12448	2263	
6004	12450	15188	
1771	12455	6084	
175	12457	7672	
12392	18	3726	
12459	12460	7336	
10007	10250	
12462	12463	14069	
1195	12469	456	
12478	12475	14723	9300	
12480	12481	7930	
11163	11164	8549	
12487	12488	4625	8600	
8492	12099	5649	
11159	11160	7781	8192	
11163	11164	12173	
12491	12494	10905	
8820	8821	1139	952	
12496	18	4841	
12500	256	12203	
12507	12504	12315	
12512	12510	10390	
12514	12515	7563	
12514	12519	9757	
12077	12078	8559	11639	
8864	12081	812	
12526	12527	13127	
18	12529	10637	
11910	11911	3717	
12531	12532	4354	
12534	12535	13688	
12537	18	7703	
12541	2976	15463	
3265	9781	13712	
391	9574	85	
12544	283	31	
12083	18	14174	
12085	18	359	
12087	18	10654	
12546	18	10424	
12548	12549	667	
10613	18	12837	
11196	18	13464	
5070	12551	7983	
12558	12563	1241	
12567	3223	2609	
12569	12567	9695	
12571	12567	3408	
5710	12574	821	
12574	12580	10110	
12582	12580	2475	
12586	12587	7443	
12589	12590	15604	
10916	10030	
1889	11780	4487	
12595	7340	3996	
12597	7787	4690	
9959	12599	12038	
12603	18	6738	
12605	12606	13151	
8864	12081	13242	
12610	1582	583	
12613	12614	9935	
12618	12619	4687	
9599	9600	7558	
11239	11240	11197	
12623	12624	12248	
7349	4329	5578	
12627	12628	11301	6464	
12631	18	468	
2519	2520	7865	
4020	12639	6963	
12645	18	12359	
12650	12651	10184	
12656	12657	5861	
12664	7969	
11934	11935	4574	
12667	12668	5314	
10623	10624	12581	
11764	11765	3252	
12670	12671	15299	
12673	12674	15007	
12676	18	6402	
12678	12679	12243	
8716	12685	11465	7580	
8180	8181	6156	
12687	12688	15185	
9866	548	6792	
12695	16197	
5043	12699	1806	
9956	12701	6600	
2573	12703	12890	
12524	18	15702	
11934	11935	3339	
12708	6665	10111	14549	
11684	11685	10994	
12709	12710	13471	2860	
12712	12713	927	
10515	12717	3208	
12719	12720	11871	
12722	12723	5787	
12725	12726	9419	13391	
12729	12726	7360	12725	
12736	12737	7167	
12745	12746	13661	
12749	12745	13315	
12753	12745	12371	
12745	12755	8328	
12745	12759	12349	
12763	4026	13672	
12773	12774	4011	
12776	4215	874	3039	
8496	10887	12474	
11031	11032	7891	
12780	7153	
8180	8183	13245	
12782	12783	4371	
11754	12445	14073	
4477	4200	2245	
18	12793	4428	
8136	11715	7941	
11717	7787	2346	
11719	9427	8532	
11721	11713	14238	
11713	11723	12988	
11732	11733	12497	
11735	11733	3950	
12795	12796	3517	4024	
12799	12796	10345	6697	
12805	12806	9827	1514	
12815	12816	2061	
12822	12823	8969	
12827	12828	13587	
11613	12308	6127	
12310	12311	6648	
11595	9873	9034	
12839	12840	14729	9747	
6726	10690	
12853	18	7453	
12855	9011	4229	1236	
12858	18	7410	
12860	12861	11732	
12860	12863	910	
12865	12867	12423	
12865	12869	13091	
12873	6496	2402	7390	
12875	12876	5425	6106	
12880	12881	12032	
12883	6491	4409	
12885	4660	21	
12887	12888	14908	
12890	12891	7158	
789	12901	950	
12230	18	13949	
12316	12317	8110	12054	
12375	18	15312	
12907	1568	2206	
11883	11881	2700	
11883	11881	3086	
12912	2163	3777	
9033	12914	14587	
12916	18	1121	
12921	12922	8207	
12928	12929	5343	7237	
12937	12938	7976	11913	
12943	12944	9124	6353	
12947	12948	1244	11622	
12951	12952	13355	6339	
11482	18	11792	
11100	11101	12142	
10449	10450	2236	
12335	3062	11121	
12965	12966	3692	
12058	12059	10252	
12061	12062	2467	
11557	12064	1682	
12969	18	4530	
12971	12972	4921	5126	
2519	2520	15752	
12975	4679	
12977	455	
12979	1021	
12981	12982	7036	
12984	12985	8269	
12987	12988	15512	
12990	12991	16116	
289	13001	7835	
13003	3962	2160	14480	
11207	3962	13984	3580	
3962	11209	1805	976	
3962	11210	5468	4369	
11211	3962	2664	11196	
11213	11214	10922	9981	
11218	11219	11220	2831	11336	11061	
18	13009	4654	
13020	13021	13022	10774	2154	
13025	13026	16141	
12061	12062	12975	
12071	12072	2909	
13028	590	420	
8136	13030	14189	
10916	11080	
4206	13033	3520	
13037	13038	10000	
13038	13040	907	
13042	13038	10334	
5500	11430	12121	
13044	18	9321	
4657	12035	2720	
11831	18	11570	
13052	18	8489	
3962	11205	10590	5968	
11207	3962	5816	7496	
3962	11210	9933	16126	
11211	3962	1109	4148	
3962	11212	3300	6392	
3962	11216	4374	7784	
13056	3162	8938	4378	
12121	12119	7740	
10336	13066	11332	
13068	9454	4504	
13070	13071	5620	
12259	13081	12761	
8657	2429	14809	
8657	2834	1017	
13083	13084	8045	14799	
13090	13091	11496	
11937	11938	15053	
10817	11940	6496	
2774	11944	1559	
12695	1173	
12697	11432	
13096	18	1718	
13098	530	11461	
13100	13101	15136	1669	
13104	13105	11173	
530	13111	1058	
13113	13114	11116	
13122	13123	136	
13128	13129	11458	
2109	13135	9572	
4243	13139	11099	
9123	9124	3815	14554	
13141	13142	14661	
3076	18	12019	
13146	13147	13219	12534	
13020	13021	13022	5817	460	
2687	13156	11300	
13158	13159	6520	
18	13163	9608	
13170	11562	15539	
9123	9124	2088	11119	
12736	12737	14690	
13176	13177	12169	
922	879	11770	
13179	2524	16263	
159	13181	5479	
13179	13185	11025	
13179	13187	10438	
13179	13189	13829	
13191	13192	8798	
13194	5500	12224	
13203	4943	26	
13206	13207	13761	15782	
13210	18	11105	
13216	13217	6958	
13219	13220	5500	
13223	13224	15183	
13226	13227	10241	
12442	12443	12108	
12447	12448	5682	
11629	13234	11440	2766	
7781	13231	1657	7438	
11629	13231	10077	14192	
13236	13241	9838	9864	
13238	13242	13199	12453	
13246	13247	5452	9718	
13247	13248	8486	3506	
4405	13247	3326	715	
33	13254	3395	7787	
13255	720	10465	
11360	18	15457	
232	13263	2147	
13270	3962	1995	9062	
11833	11834	6446	
11658	13144	2636	
13278	13279	15464	
13281	18	5531	
13285	18	3385	
11365	11366	15349	
12736	12737	9473	
13287	13288	12521	
13290	13291	8259	
13299	13290	12333	
13025	13026	9595	
13314	4200	9403	
11368	11369	12053	
13319	13320	8433	
4951	12539	1104	
12541	2976	159	
13025	13026	14106	
13327	18	4717	
18	13329	7125	
11511	18	6151	
1061	13340	6085	7702	
1061	13342	10559	9970	
1061	13343	6859	8072	
13349	6660	14753	8087	
6660	13352	15784	8547	
13354	13355	9307	
12332	12333	9176	
13154	13481	
11455	11456	12188	
11461	11462	14405	
13357	13358	797	
13357	6037	2097	
13361	6701	14152	
13366	18	15432	
13368	13369	13803	
8004	13371	4406	
13373	13374	4516	5891	
13377	18	7805	
13379	18	7899	
13381	13382	3385	
13384	13385	4496	
13387	13388	8411	
12442	12443	14478	
12115	12116	12994	
12216	18	3969	
13390	13391	359	
13402	13403	7649	
13405	13403	12192	
11368	11369	12587	
9631	9632	4477	
9627	7662	7710	
13407	18	3569	
12782	13414	5145	
8136	13416	11820	
10336	13420	12135	
13125	13126	1433	
9117	13426	13166	
13428	2268	
13430	18	5270	
13432	13433	7334	3019	
13436	13970	
13438	18	12011	
10336	13420	2969	
10642	10643	1556	
13458	13459	6968	
13461	13459	14888	
12381	18	4926	
13484	13485	16289	
7986	7987	775	
13489	13490	15345	
13495	13496	3519	
13498	13499	10153	6407	
13502	1637	7565	
13507	13508	11400	
13278	13279	699	
13510	13511	14316	
13513	13514	9462	
11905	11906	7574	
11908	11906	15445	
4243	13139	4147	
12465	12466	4778	12242	
12654	13521	10689	
10755	18	13741	
11836	1753	10484	
11100	11101	6692	
13543	13544	10992	
13546	13547	15477	
13549	13550	6494	
4340	11580	12738	
11582	11583	11085	
18	13554	8865	
13556	13557	12531	
13559	13560	9347	11305	
13563	13564	4054	
13564	13566	12930	
13572	13564	5973	
13576	13577	9139	
13576	13583	7868	
13591	13592	12094	14099	
10429	10430	15152	
13601	13602	3398	
8496	13607	3945	
13609	13610	4423	
13612	396	912	
13614	18	11451	
13618	4416	16203	
13620	13621	2058	
13623	13624	6609	
11163	11164	12019	
13629	18	7726	
13631	18	8051	
13633	13634	4821	5258	
13637	5811	9549	15410	
13638	13639	3241	
12113	18	1618	
13564	13570	4322	
13572	13564	516	
13574	13564	11220	
13576	13577	7897	
13564	13579	4623	
13576	13583	8120	
2576	13643	5169	
13645	3014	
13487	1037	1184	
13647	13648	13653	
13652	13653	15245	
11163	11164	6754	
11455	11456	6	
11458	11459	7265	
11461	11462	13022	
13662	12111	2159	
13664	18	13806	
18	13666	3497	
13671	6988	2035	
13673	13674	13855	
13681	13682	12367	
11896	11897	11217	15005	
9956	12701	5255	
1195	13686	3839	
13692	3396	
13694	13695	5451	
13697	13698	7689	
13697	13700	12809	
7659	13705	3720	
13707	13708	9452	
13717	13715	1539	
11855	11856	7975	
13726	13727	13804	
13735	13736	8458	
8180	8181	11311	
8180	8183	8904	
13393	13394	6746	15051	
13480	13741	9884	
8136	13416	3427	
10835	13418	13399	
10336	13420	1580	
1478	13743	6272	15465	
12787	12788	11229	
12847	12848	10497	
13754	18	9834	
12787	12788	12279	
13756	13757	3025	
13393	13394	4638	3200	
13759	13760	9299	
9185	18	9517	
11159	11160	14733	1888	
11163	11164	6862	
12491	12492	11184	
13771	18	4908	
13393	13394	3518	1644	
13773	1351	
13777	3162	15603	15453	
13777	3162	11207	13898	
13779	13780	1072	13095	
33	13783	6309	4912	
13785	3162	4133	11734	
13785	2417	6576	14840	
2417	13791	15670	4938	
13793	13794	13111	
13801	18	3222	
4368	13803	9724	
12673	12674	8635	
1115	18	6927	1215	10359	
10236	10872	5501	10146	
6681	13805	3096	
18	13331	15824	
13809	18	12881	
1907	13813	8404	
13817	13818	561	
13823	13824	15970	
3202	13833	12646	
18	13839	7386	
11061	11062	8023	
2314	11682	2848	
13841	13842	12446	
13844	13842	12313	
13846	13847	12742	
13851	13852	9144	
13854	13852	6145	
13856	13852	4885	
13864	13865	13543	
13865	13867	7936	
13872	13873	2349	
232	13263	11432	
13877	13878	7316	
13880	13881	7975	
12175	13883	2507	5192	
13886	10252	7867	5241	
12392	18	8828	
11924	11925	4061	
13887	15640	
9185	18	4382	
12447	12448	1310	
18	13331	3901	
13889	758	5482	
13523	13894	15917	3179	
12739	12740	7348	
7342	13901	10982	
4042	13899	11740	
627	13904	5323	
13908	1246	8376	
13921	1246	5829	
4042	13923	10886	
202	13925	6063	
4042	13925	7232	
7194	13928	3073	
13935	3481	3993	
13937	13911	5828	
13941	1246	15	
13943	1246	11963	
4042	13945	12632	
4042	13947	11231	
13949	1246	4338	
13953	13954	4131	
13958	4042	10032	
10564	11177	13719	
12916	18	1634	
2519	2520	12477	
3547	13960	13338	
13971	1195	3542	
571	13973	8680	
571	13973	14520	
13975	13976	1739	
13981	7168	4605	
13981	13983	6741	
13987	1101	11489	
13989	13990	7339	
12691	13998	15010	
11793	11794	13104	2296	
14005	14002	14748	
14005	12561	14582	
14005	14021	53	
12561	14003	10459	
14013	14003	15366	
14010	14003	15393	
14003	14031	7152	
14005	14031	13610	
7939	7940	3252	14137	
14036	14037	11678	
12012	12013	10265	7836	
14045	14046	10640	
1654	14054	6534	
14061	18	1577	
8492	12099	13070	
11905	11906	2638	
11908	11906	15868	
13393	13394	15760	14664	
11910	11911	13453	
6701	14071	10840	
8180	8181	10186	
4368	14073	14212	
12975	501	
12977	3054	
4657	12035	3056	
12673	12674	3909	
8180	8181	6303	
14076	14077	12116	
14079	7141	
12893	12894	10113	
12896	18	4882	
8323	14083	7813	7269	
14085	11562	11825	
14087	18	8772	
10835	13418	4102	
10336	13420	5096	
4253	13424	7783	
11595	9873	9905	
11597	9725	7482	
1552	11599	11350	
286	11599	10708	
14089	14090	12364	9210	
11818	11819	5942	
14095	4258	4342	
14097	5555	757	
14097	5555	3463	
14101	14102	4797	
11793	11794	2327	15074	
11793	11794	9520	2063	
13540	13541	13832	
14107	14110	6103	7903	
14107	4405	15882	4677	
9033	14117	12489	
14122	14123	15388	
14125	14126	13899	
14128	14129	1970	
6856	14129	10402	
14135	14136	7956	8304	
14141	14142	3778	
14147	14148	14848	
14150	4628	4735	
4628	14152	11210	
14154	14142	12381	
14156	14157	6751	
14159	14160	11318	
14162	14163	10652	
14165	14162	12	
14159	14169	6130	
14176	14177	13854	
14179	14180	8606	
14182	14183	9343	
14188	14189	292	
14193	14182	10022	
14197	14162	10280	
14201	14147	9127	
14207	14208	16108	
13629	18	5213	
14215	18	3191	
14221	18	10379	
14223	18	3932	
9185	18	11005	
4209	14225	15665	4946	
18	14226	8076	
12875	12876	14734	6382	
14228	12563	
12375	18	12970	
14232	12796	1594	5817	
14235	14236	13271	684	
14239	14240	337	
13214	18	4454	
14242	14243	3568	1066	
13068	9454	13964	
14249	14250	5971	
9427	13688	10541	
14256	18	2675	
3481	11519	15888	
8136	13416	8337	
10835	13418	1576	
2519	2520	2466	
12883	6491	4088	
14266	14270	1366	
14268	14266	5451	
12896	18	14596	
12898	12899	11176	
10523	12043	9611	
12265	12266	9353	
14287	18	2387	
14289	18	2230	
11760	11761	16186	14240	
14302	758	5392	
866	14304	8697	232	
14312	9959	7382	
9009	14314	835	14790	
14315	8136	6775	
11382	11383	15516	
14322	357	8206	12396	
14326	9873	7045	
14331	14326	13086	
10336	14326	6305	
14338	13336	10727	
14340	14338	15199	
14342	14338	8394	
13844	13842	6617	
13846	13849	9721	
14349	13846	602	
13854	13852	10607	
13856	13852	13881	
13858	13852	11141	
13856	13862	11248	
13864	13865	7863	
13865	13867	13078	
14352	13842	15751	
9185	18	4947	
14315	8136	2397	
14356	14357	13717	
14359	14360	15466	
11921	11922	2278	
12844	12845	6811	
14364	18	2767	
12335	12336	14789	
18	14385	2	
175	14387	3449	
14389	8114	16170	1788	
12297	14393	13389	14471	
14393	13450	7711	10531	
12327	12328	12329	11024	6952	
14398	14399	97	
14401	14402	9957	
13270	3962	5519	12013	
14409	14410	12652	
11793	11794	14507	13040	
11793	11794	6867	9619	
11793	11794	5884	13855	
12678	12679	12188	
14415	14416	2813	
14415	14418	5418	
14423	14424	3320	
14428	14429	16113	10796	
13662	12111	7605	
14435	862	13713	
14443	14444	12566	
14446	10709	14956	
13690	1101	3962	
14451	14452	9028	
14454	14451	11062	
10523	12043	7261	
14464	14467	10264	
14464	14469	1063	
14464	14473	1866	
14464	14475	11531	
14464	14477	6313	
14464	14479	13169	
14079	6864	
13206	13207	2344	8401	
14481	14482	13851	
14487	18	6131	
14493	6665	358	9492	
14087	18	13126	
14496	18	63	
13259	18	13665	
9781	14503	14749	
14507	14508	9791	
14513	14514	5792	
14516	18	625	
14518	18	10843	
12483	14520	5824	
14522	18	8322	
12544	283	1070	
14524	14525	5702	
14531	14532	5180	
14534	6711	8496	
4340	9515	8463	
14543	14544	1766	
14546	18	11246	
11921	11922	15223	
14550	14551	5229	11248	
14552	14551	3443	855	
14558	18	4626	
14560	13566	
14562	18	2929	
18	13554	8087	
14564	14565	6274	
14564	14570	14735	
13971	1195	10733	
571	13973	15686	
571	13973	4847	
14576	18	572	
1241	8162	1056	
13154	731	
13073	13074	14512	
11184	11185	10272	
10891	10892	5783	
14580	14581	6466	
14580	14581	14163	
14586	14581	16039	
14590	14581	5879	
14581	14593	2982	
14581	14595	4950	
14601	14581	535	
14603	14581	9024	
14609	14581	1798	
14611	14581	3951	
14616	14581	14003	
14618	14581	15664	
14581	14620	14537	
14622	14581	11776	
14581	14624	15559	
14627	18	16032	
4115	11521	7220	
14293	1000	
14297	14232	
14634	7601	15742	
2519	2520	19	
2519	2520	6124	
14651	14652	9379	
14654	14655	3348	
13657	1971	
7986	7987	14861	
10280	8419	7852	6900	
10285	8419	9869	6283	
2667	10286	11115	11717	
12352	12353	14581	
4020	13599	5083	
12541	2976	14968	
14660	14661	1767	
13281	18	9955	
13283	18	2210	
1115	12364	13352	
14666	14667	2709	3670	
14670	14671	9890	
10236	10872	3770	1641	
13104	13105	2391	
530	13109	14513	
13609	13610	14329	
8036	14680	7586	
12491	12492	9152	
14682	14683	5950	
14688	9964	
4397	14690	4356	
7847	12710	14462	
12710	14694	5252	
18	14698	4268	
13025	13026	11567	
14704	18	3840	
14706	14707	2559	
14709	14710	10499	
14718	14719	7644	
13025	13026	6565	
13025	13026	8231	
14704	18	2559	
14724	18	2482	
14726	553	9830	
13025	13026	13758	
14739	1907	656	
175	14743	2911	
13981	7168	1025	
14745	14746	11659	
10473	14750	11646	
14752	14755	8670	
948	14759	6852	
4657	12035	9718	
12627	12628	12603	15716	
14765	14766	1416	
14768	14769	12984	
33	14771	5243	8622	
14775	14776	10676	
2667	14782	11765	11687	
14783	14784	8343	15664	
14783	9029	13776	4246	
14790	14791	10232	
14800	553	15955	
14802	14803	4224	
14805	18	9980	
11921	11922	5484	
12442	12443	7593	
11754	12445	7868	
14807	14808	15056	
18	14812	6016	
14814	18	12315	
14816	14817	8157	
14819	14820	5628	
14822	14825	1480	
9781	14000	3451	
14832	18	8841	
4857	14838	10276	
14840	14841	61	
12678	12679	14567	
12262	12263	14182	
13682	14846	16120	
14848	12143	9467	7402	
12023	8472	8556	14781	
13694	13695	9454	
13697	13698	4278	
14851	14852	13059	
14854	14794	2614	
14856	14857	10722	
14862	18	4876	
14867	18	425	
4951	12539	8143	
14869	12459	13804	
13504	14871	12980	
14869	14873	15960	
14854	12578	5583	
14854	12580	16009	
14854	14879	11722	
14854	14885	5402	
12480	14888	15091	
14890	3755	
14895	2972	5538	
14897	14898	7599	
14900	14901	12465	
14903	14901	2930	
14905	14906	15087	
14912	14913	15314	
14915	14916	5889	
14915	14918	4154	
14922	14910	7857	
14930	14905	8730	
14932	14933	12724	487	
14935	14937	4713	6435	
3922	14935	3050	6644	
14939	14948	10145	5564	
14939	14949	309	12343	
14939	14951	11034	3359	
14939	14953	1915	3535	
2519	2520	50	
14959	14960	15639	
14960	14962	14866	
14983	1101	3228	
3547	13960	3197	
13638	13639	14834	
14986	14988	230	
14990	14986	164	
12605	12606	384	
14998	14999	4634	
14998	15001	12958	
15003	15004	12467	
13206	13207	756	15656	
15006	15007	816	
15011	18	12214	
14704	18	9462	
13759	15022	10046	
15024	790	
15026	14971	1201	
14325	14326	13948	
14329	14326	1071	
14331	14326	12051	
14326	14333	10549	
14335	14326	11333	
15028	1753	6499	
15028	15030	10262	
15032	12664	
15034	15035	8257	
15046	18	6667	
15048	18	8549	
15056	18	15285	
15060	18	3466	
10835	15062	7416	
15068	18	9320	
15074	15075	1674	861	
9817	15080	10365	610	
15085	15086	14372	7421	
15089	15090	4596	11129	
15095	15096	4929	
13028	590	6275	
13971	1195	853	
1556	12232	2494	
9185	18	12335	
13756	13757	12881	
15104	18	9393	
15106	15107	6684	
11163	11164	197	
13664	18	8900	
15109	15110	10516	
15114	4636	14960	374	
10519	10520	2184	
10522	10523	449	
10525	10526	9483	
12659	12660	6022	
2519	2520	82	
15128	15129	15795	
15131	15132	13902	
15136	18	12189	
15138	9543	964	2715	
6681	13805	8505	
14564	14570	7249	
15147	13558	
15149	15150	11270	
15154	15152	14499	
15158	15159	6586	6161	
13754	18	9189	
15171	15166	10619	
11181	11182	5026	
15175	15176	469	
15178	15179	13050	
10873	5714	1821	5615	
13482	7508	1591	14674	
14315	8136	15125	
18	15185	3981	
13141	13142	10988	
8034	15187	14743	
15189	18	12377	
12335	3062	12884	
13154	7416	
15191	18	7528	
4206	2639	2924	
15193	15194	6715	
15199	15200	11596	6592	
15202	15203	16284	
15205	15206	327	
15211	15212	9366	
6319	15214	9846	
4857	14838	8819	
15216	14040	15197	
13966	11620	4470	4894	
11650	18	4759	
15230	13484	14098	
15232	1048	7405	
15234	8408	857	
15238	18	2506	
4331	14798	13585	
14800	553	4129	
14802	14803	10557	
4675	15246	10178	
15251	15252	14711	
15254	15255	6239	
15261	18	15290	
15265	18	1705	
15271	18	12737	
13025	13026	2428	
15278	15279	5771	
15290	13504	917	
15294	9134	8583	
14554	14555	10388	6588	
15301	15302	4456	10913	
18	15236	11097	
14869	12459	5063	
14869	14873	5606	
14065	14066	5565	
15304	1942	13658	
3383	15309	12519	
12297	15311	457	10343	
1195	15320	4021	
15322	18	11123	
13379	18	12172	
2999	14955	4577	
9033	12914	7217	
15330	2577	3349	3897	
15343	548	9583	
15345	15346	6597	10639	
15349	15350	7086	
15352	4340	5852	
13265	11583	6640	
15354	18	12660	
12491	12492	1028	
14939	4401	12278	9767	
14939	14945	1705	5591	
14939	14953	3055	9854	
15359	18	4082	
15361	18	15977	
14848	12143	5046	13301	
15363	18	8742	
15370	4152	7706	14309	
12269	15371	1648	3044	
13626	13627	4785	
15374	15375	4340	
15377	15378	11060	8624	
15385	15386	5427	14381	
12221	15550	
4206	15391	10702	
15393	15394	14549	
15401	8160	4430	
15406	15407	11095	
15415	15416	11252	
15415	15422	13449	
15415	15424	4278	
15415	15430	640	
15436	15437	254	
15437	15439	4108	
15415	15441	8035	
15415	15445	13886	
15449	15415	14501	
15415	15455	9355	
15457	15415	11570	
15415	15459	9228	
15415	15461	3320	
15463	15415	3800	
15415	15465	1349	
15415	15467	13573	
15415	15481	548	
15415	15483	7279	
15426	15485	2935	
1061	15487	12729	7073	
1061	15491	7569	14678	
1061	15493	6042	14032	
1061	15495	10032	14108	
1061	15497	8139	10207	
15498	8496	4142	
15505	6309	16113	13145	
15511	15512	2661	
13789	33	7858	14391	
13791	3162	15149	10234	
1061	13789	13002	9560	
8180	8181	5126	
8180	8183	14978	
15514	15515	15257	
13994	18	13686	
15517	14794	14246	
14404	14405	4374	
15519	9781	14858	
15521	5404	10358	
15523	15524	4641	
13231	13232	15700	11095	
15531	4405	2492	5358	
7781	13231	15943	4569	
13236	561	2663	9385	
13237	4159	9520	9028	
13238	13239	5794	1936	
13236	13241	154	15983	
13238	13242	5673	8689	
13236	13244	6046	10364	
4405	13247	2934	12990	
15536	15537	2073	6171	
15542	8522	974	
13411	13412	16181	
15544	4270	
15112	18	9290	
561	15548	12301	10687	
561	15548	9303	311	
15552	11818	
13025	13026	2306	
14704	18	10555	
12023	8703	10871	3374	
14510	14511	3384	
4951	12539	4048	
15562	15563	6610	
15565	14960	15734	
4206	15567	6343	
13820	13821	14254	
13823	13824	5484	
13823	13828	5601	
15572	15573	8977	
11360	18	9377	
18	15575	8712	
18	15575	11769	
448	15582	6550	
11593	4090	9088	
11595	9873	10990	
11597	9725	14741	
2588	15584	438	
2588	15592	4181	
2588	15594	88	
15601	15602	5921	
15604	15605	2003	
13025	13026	11519	
14724	18	7960	
15612	18	12334	
15612	18	12009	
14704	18	11424	
13020	13021	13022	10573	15230	
15626	15627	5506	
15629	15630	13542	
14095	4258	10500	
15634	15635	14979	
15637	15638	11185	
15642	15643	10391	
15645	18	4019	
15647	18	13219	
14819	14820	13826	
10757	3970	5465	
15163	18	2872	
14634	7601	14303	
12078	14636	5742	13038	
15659	15660	4217	
5230	13269	1551	10113	
14217	15038	
15120	15121	13085	
13432	13433	335	15641	
15670	8799	11949	
15672	6701	15036	
14217	5703	
15684	2458	
15688	14771	
13113	13114	2449	
13119	13120	13251	
13125	13126	12899	
13128	13129	13019	
15692	18	9978	
15694	15695	1780	
15700	15701	9627	10710	
15273	2352	14310	1179	
1451	14347	464	
15708	15706	11802	
14564	14570	11278	
14567	14568	4424	
15147	536	
14382	14383	10118	
12965	12966	6570	
15716	18	10271	
15718	18	13584	
18	15720	9347	
18	15575	691	
4857	14838	11283	
14761	14762	12138	6907	
15727	13177	1850	
15731	18	5584	
15737	18	8476	
15739	18	14530	
15741	6701	2678	
13440	13441	7738	
9440	15743	167	
15745	8799	3607	
15749	18	1259	
15756	15757	721	
15759	6171	15115	
15776	15777	2466	15056	
15780	627	10607	
14634	7601	10125	
18	15784	14997	
15790	15792	1099	
15796	15797	16084	12792	
15805	18	1577	
1552	15807	12581	
4159	15813	15814	3348	2896	6896	
15818	15819	10441	
15821	10131	3128	2758	
18	15218	249	
14325	14326	13094	
14331	14326	2514	
14326	14333	15653	
10336	14326	4009	
14340	14338	5761	
14344	14345	7315	
15824	1215	939	
15826	15827	8862	
15834	15835	10376	
15834	15840	1755	
15845	15846	4833	
15848	15849	1127	
15851	15830	7896	
15848	15853	11114	
15861	8911	11109	
15871	15869	5008	
15876	15877	10728	
15883	4074	6560	
15885	13303	
15889	15890	1765	
18	15892	874	
15894	18	4795	
12822	12823	14691	
14446	10709	6089	
15901	18	7962	
15913	18	14238	
1086	15915	3171	
15917	15918	10345	
13721	4026	12430	
15922	15923	8478	
15927	919	13688	
15929	15930	9279	
18	15937	8108	
15941	9833	
5500	15947	792	
15953	15951	11183	
14092	14093	3387	
14097	5555	9326	
15955	10629	
12183	18	6707	
15780	627	169	
15960	15961	11126	
15964	15966	6332	
14501	3466	4205	
9781	14503	9386	
15968	1596	10699	
15974	357	2651	
15976	357	9183	
10523	12043	5356	
15981	15982	5934	
15984	4910	7222	
8957	862	15376	
1622	10808	12018	
10808	10810	16165	
10808	10812	4416	
10808	10814	12501	
10810	10823	11153	
10826	10823	14329	
15995	10823	5037	
10832	10833	15177	
10832	10835	16078	
10832	1558	4063	
10832	10840	15399	
10842	10835	275	
10842	10840	5155	
10832	1639	6245	
10850	10810	11556	
10850	733	12059	
10820	733	8903	
1061	16002	4878	4186	
14718	14719	14063	
12678	12679	9724	
16004	16005	7953	
16011	16012	2769	
16017	3434	3220	
15242	15243	16081	9734	
16019	12078	7548	3435	
1061	16021	1286	9299	
16019	12078	16130	1344	
1061	16021	276	3664	
1061	16021	3330	7689	
13446	13447	1498	
16023	13107	
16025	33	6554	3611	
16028	18	12735	
16030	16031	10256	
16035	14568	8832	
16043	18	5132	
280	16047	10419	
14670	14671	8983	
16058	16059	13324	
16058	16059	15262	
16066	6341	9423	
16017	3434	1945	
2834	5693	11751	
16069	1736	7701	
14265	14266	12575	
14262	14270	6985	
14266	14270	3946	
14268	14266	5417	
14276	14263	11208	
16072	16073	12973	2859	
9134	16074	5236	1120	
16076	4384	3569	9095	
9850	4910	13549	
13612	396	7198	
16086	8589	13455	5188	
16090	2797	3401	6579	
16092	51	
16071	3147	15728	15552	
2519	2520	1842	
16096	16097	12036	
391	9574	8213	
391	9424	15391	
16099	18	7512	
16101	18	1307	
16103	18	3422	
16105	18	3745	
16107	16108	7916	
16116	8315	6844	
16118	2500	3007	11986	
7342	13901	2461	
4042	13906	2992	
13908	1246	14528	
13910	13911	6982	
7342	13915	8451	
13917	13918	4569	
202	13925	5599	
4042	13925	628	
7194	13928	2428	
13935	3481	11093	
13941	1246	11081	
13943	1246	6017	
13949	1246	2774	
13951	13931	10876	
13953	13954	492	
16120	16121	1231	
11582	11583	9963	
11585	11586	6931	
4206	15337	2651	
14897	14898	16017	
14900	14901	3139	
14903	14901	5207	
14920	14913	9943	
14897	14922	4650	
14922	14910	13857	
14925	14926	9445	
14905	14928	3424	
16125	18	8839	
16134	16135	12435	
16137	18	15619	
561	15548	9555	13778	
13971	1195	4170	
571	13973	590	
571	13973	5659	
16139	16140	10401	15198	
14895	2972	1435	
16143	18	1270	
16147	3280	
13068	9454	9809	
16151	6701	8271	
13594	13595	8706	
4219	16153	13074	8174	
16154	16155	8809	11872	
16157	16158	15069	
8512	16164	7218	
13756	13757	3806	
12787	12788	5776	
4206	15337	7606	
16168	11182	15017	
16170	16171	12682	
16173	16174	5900	
16176	16177	7856	
16180	13363	3802	
10603	10604	15303	8564	
13025	13026	8860	
14325	14326	11333	
14326	9873	13622	
14326	14333	11261	
14335	14326	13436	
14340	14338	2513	
14344	14345	1008	
16187	13608	
16189	11562	3361	
12965	12966	7215	
16191	16192	10333	
11883	11881	2171	
14356	16198	7165	
16199	16200	14977	15252	
16205	11589	9778	
18	15100	12411	
15102	18	2436	
12442	12443	11537	
11754	12445	11000	
3547	13960	12777	
16213	12238	
16217	16218	12395	
16220	16221	5471	
7380	16223	12455	
16225	555	15702	
16225	2745	1049	
16228	16229	3110	
16231	12078	6697	7473	
16231	16235	12800	13642	
16237	16238	8927	3187	
14836	1215	5943	
16241	16242	3407	
16244	16245	12041	
15986	18	2978	
16247	16248	10953	
16250	5458	4648	
15701	16252	10310	15730	
5155	1192	4899	13927	
16261	1149	5198	10581	
232	13263	6840	
16265	16266	3411	
16268	14568	816	
15301	15302	2040	11086	
16272	16273	126	
16275	16276	11536	
10603	10604	12928	5058	
13785	3162	12904	161	
13787	8114	3493	1812	
13789	33	8274	5224	
2417	13791	9520	15796	
13025	13026	7441	
16281	18	9971	
16283	16284	8367	
16288	13388	762	
4090	16286	11597	
14513	14514	7416	
