6	7	14888	
12	13	15885	
15	3	11764	
20	23	14770	
25	26	5517	
38	12838	
44	45	7133	
56	57	1955	
59	57	11737	
64	65	7258	
72	73	9187	9998	
78	79	14395	
81	82	8438	
97	98	14731	
100	101	10581	
44	106	14608	
110	111	2258	
106	51	12417	
118	119	11897	980	
118	124	12615	14630	
18	130	819	
132	18	300	
137	138	13045	
140	141	14601	
143	144	12888	
149	150	9832	
155	152	14938	
159	160	6517	
150	152	15102	
163	164	370	
168	169	3848	15197	
48	108	1573	
178	179	7316	3188	
181	182	10639	
199	200	1592	
208	205	1933	
210	211	9379	
215	70	11499	
210	219	6395	
213	221	3577	
227	228	9976	
213	230	9754	
232	233	4159	
235	236	6378	
238	95	12128	
56	57	14832	
256	251	3682	
258	251	9782	
235	236	592	
265	266	16256	3044	
266	270	12167	1659	
18	272	9666	
274	18	2529	
276	277	5185	
279	280	6513	
302	306	536	7590	
65	309	2760	
316	314	11227	
321	322	7080	
324	325	12063	
325	327	2882	
329	330	331	8899	5338	
339	18	5969	
349	350	13375	
356	357	4096	
359	360	12238	
362	18	12949	
359	360	7386	
368	18	14720	
374	18	914	
376	377	8314	
208	380	14768	
356	357	15484	
383	384	14732	
389	386	12418	
391	392	11933	
394	386	8972	
396	397	14476	
399	386	7989	
401	386	11294	
406	384	5507	
408	409	2620	
414	415	13681	
420	421	3014	13712	
442	18	5643	
446	21	4593	
448	449	9694	
451	5020	
453	454	2708	
456	457	2085	
90	91	6211	917	
464	18	13980	
486	487	2721	12681	
489	483	7583	4847	
475	476	2450	
492	200	15584	
40	2052	
499	500	7736	
502	503	878	
508	138	1510	
512	513	514	12226	13050	
520	521	7581	
523	524	12384	
526	527	7585	
44	45	9097	
50	51	8382	
56	57	996	
59	57	7531	
534	535	5537	5169	
540	18	51	
542	18	14129	
544	545	11186	
547	548	2206	
553	551	11924	
555	556	9177	
561	562	5547	13560	
568	569	3866	
168	169	9201	4762	
574	18	10527	
240	576	3455	
578	579	11834	
583	584	677	
589	590	15252	
571	572	4692	
592	593	13048	
190	191	13508	3025	
595	188	12394	
597	598	2247	
47	48	13159	
53	54	2661	
59	57	6717	
607	608	2440	
612	608	628	
614	615	156	
486	487	14360	15570	
621	622	9426	
624	625	13567	
103	104	13668	
44	106	13255	
48	108	3216	
106	51	1137	
627	628	2355	
637	638	18	13556	725	
641	642	2029	
644	645	4650	
20	23	14198	
25	26	237	
652	653	1192	
655	653	4496	
657	658	3816	
329	330	331	14998	12008	
106	51	12835	
666	667	8279	
672	673	6844	
679	680	4350	
688	689	13396	
680	691	14734	
680	693	778	
698	699	10816	
709	710	2688	
712	699	7095	
714	715	9871	
719	720	3966	
722	723	8935	
722	725	16284	
227	228	15631	
64	65	9448	
213	230	2231	
311	228	2281	
735	18	6293	
359	360	14083	
18	364	5692	
366	18	6006	
370	18	3569	
374	18	11891	
748	749	1220	
753	111	6350	
282	283	10608	
144	760	12595	
762	763	3512	
765	766	12743	
44	45	5771	
47	48	8042	
777	778	11339	3932	
276	277	5153	
44	780	6005	
782	751	3360	
106	51	5968	
116	57	296	
789	790	9	
792	793	4091	
798	799	4356	
238	95	12563	
801	802	8535	10205	
805	806	10656	
286	287	11278	
818	819	8618	
821	822	13762	
827	828	1475	
3	4	3635	
110	832	736	
834	745	5272	
175	176	4152	
836	9248	
841	202	14627	
843	844	5137	
846	847	11366	
18	130	8269	
128	18	3837	
18	130	10872	
851	852	8829	
861	862	14580	
12	581	1579	
866	867	13552	7296	
414	870	16157	
213	881	693	
190	191	3841	11232	
786	787	1399	
51	780	8515	
900	901	3800	
906	907	11788	
64	70	12618	
205	206	6522	
215	70	11704	
210	197	846	
213	219	8610	
918	919	2383	
213	230	5571	
774	924	8438	870	
196	197	11332	
199	200	152	
936	18	2646	
938	939	10749	16206	
54	114	6995	
106	51	2118	
948	949	15453	
951	946	4992	
955	956	4928	
961	962	11508	
972	973	13762	
948	961	511	
981	982	7420	
984	18	10229	
196	197	12107	
986	987	13107	
989	990	8844	
565	566	9247	
568	569	3521	
230	994	7217	
1001	997	15893	
1003	997	15422	
1005	997	578	
181	182	2751	
213	1009	281	
65	1011	16263	
70	1009	15185	
1014	1015	10689	
1023	1024	3818	
51	780	10380	
1034	54	8309	
1043	228	100	
1045	1046	8238	
669	670	16220	
482	483	2656	12491	
486	487	7226	927	
701	1056	3139	
1065	1066	15939	
1068	1069	15123	
1069	1075	9608	
1065	1080	498	
1087	1089	1276	
1100	1101	6937	
1103	1104	4925	7825	
1112	1113	335	
1118	1119	3099	
459	460	5623	
462	459	13851	
782	751	3804	
54	114	7365	
1131	108	12115	
1142	1143	7834	9450	
1146	1147	13499	
1131	108	11520	
786	787	4293	
1149	1150	5414	14455	
1161	1162	4854	
813	289	2455	31	
1168	514	7420	
774	1170	9781	
50	51	13146	
1176	1177	8828	
1182	18	10700	
1184	1185	11710	
748	784	3758	
103	104	10155	
1191	1192	6983	5075	
1199	1200	14688	5789	
1203	1204	6845	
1206	1207	4137	
834	1054	1579	
1209	1110	6846	
1211	1212	5209	16113	
1215	1216	7669	
1226	1227	3436	12191	
1233	1234	4210	
196	230	3762	
199	200	15273	
808	809	5860	
143	144	9873	
1248	1249	1701	
1251	1252	15690	
44	780	4028	
782	751	1571	
748	784	12081	
834	745	10827	
1131	108	7298	
106	51	13529	
116	57	2111	
106	51	4080	
1179	1254	8541	
1256	1257	11583	
104	243	16006	
44	45	9513	
56	57	3626	
53	54	3283	
59	57	14422	
208	205	4410	
215	70	8676	
213	219	2427	
210	1266	5873	
213	221	15342	
70	221	821	
210	221	5242	
915	916	9497	
213	230	9848	
54	114	13392	
116	57	3666	
1274	1275	15119	
1281	1282	7637	
1287	0	7742	
1289	1290	1962	
787	1050	3822	
1292	1184	14381	
787	1050	6883	
106	1052	11065	
266	18	1052	
44	45	14182	
47	48	12195	
56	57	16135	
1296	1297	2009	
1301	1302	13494	12385	
1299	1307	13138	7916	
1308	1309	2663	
1308	1311	11770	
1230	1231	5243	
396	1313	5390	
1327	1328	7051	
1330	1331	4078	
1338	1339	776	
1330	1341	13368	
1230	1231	7427	
1346	1347	5245	
1349	1350	3095	
748	784	12599	
1131	108	1171	
103	104	5913	
44	780	10606	
1354	1355	14499	8831	
208	1358	13578	
574	18	192	
1360	18	7969	
414	870	2607	
282	283	1603	
349	1365	15320	
1375	18	7185	
1382	18	11263	
1384	7	2425	
1230	1231	5197	
662	10553	
18	811	13520	
1389	1390	2766	
1398	1399	12118	7010	
1324	1404	13664	
205	206	13510	
210	211	7988	
213	197	14153	
196	215	2982	
199	206	5197	
175	1272	9804	
918	919	13385	
227	228	2030	
213	230	16245	
196	197	10946	
199	200	9009	
1414	1415	16166	
1420	1421	2092	
1423	1420	11029	
1425	1426	8735	
1431	1418	5856	
1428	1433	14940	
1439	1440	11671	
873	1442	10588	
321	322	5572	
1446	325	3627	
1448	18	6427	
324	325	13878	
20	23	5137	
1462	1463	15447	
1465	1454	11414	
1474	1471	15256	
486	487	3428	14199	
617	618	1362	10282	
1480	18	590	
79	757	7322	13062	
1486	1487	5296	11128	
1490	1491	7035	
1497	1498	5637	
607	608	1768	
608	610	644	
612	608	10240	
188	1508	10279	
44	1514	15740	
48	1516	9961	
787	1050	16110	
834	1054	4917	
1133	1134	13237	
1528	18	12146	
1530	18	6449	
1536	1537	1951	
18	1539	5798	
1541	1542	15592	11788	
1526	18	598	
1528	18	1475	
1530	18	11059	
18	1532	15397	
414	870	1545	
1549	1550	1304	
1552	1553	7599	
1555	1556	1368	
459	460	15230	
1028	104	9868	
51	780	12381	
1034	54	11900	
1558	1559	7758	
1563	1564	1885	
1566	1564	14428	
1570	1571	9784	
1573	1574	10405	
1573	150	6143	
682	683	13313	
695	696	13220	
698	699	9652	
1577	1578	7314	
688	686	451	
709	710	3614	
1580	21	5338	
1450	1451	6145	
1121	1122	549	
1582	1583	15264	
1292	1184	1676	
1230	1231	3252	
208	1590	4308	
349	1365	7904	
583	584	9530	
1308	1598	885	
1600	3522	
1602	138	975	
213	230	2202	
1606	1607	1696	
1168	514	10097	
67	1609	5762	
1215	1216	14140	
1327	1328	99	
1616	1613	3833	13525	
1618	18	523	
1362	1363	15399	
9	1630	6311	
1007	544	11738	
116	57	7508	
103	104	5693	
44	780	7391	
719	720	14575	
279	280	10807	
1456	1454	1527	
1458	1454	12610	
1462	1463	2075	
1465	1454	9802	
1448	18	11977	
18	811	12522	
1618	18	11035	
1634	1635	10387	
1362	1363	13170	
1639	1640	6478	
1642	624	3814	
1644	1645	4161	
1647	1648	2052	8019	
1450	1451	7619	
414	870	8669	
1389	1390	7241	
18	1667	4864	
1669	1670	6316	
1678	138	1023	
1680	18	11241	
1682	6495	
1684	1300	14802	14531	
1687	144	673	
1700	1701	14675	
1709	1179	13881	
1711	1712	584	
1716	1717	4036	
1410	1411	3634	8760	
1566	1564	3594	
1568	1564	9664	
1570	1571	9445	
1719	1720	3625	
1722	1723	6160	
1322	18	7485	
205	206	7660	
208	205	7509	
210	211	7844	
213	197	10814	
210	197	620	
213	219	14698	
210	221	8957	
199	206	15743	
175	1272	11776	
199	200	822	
230	994	12293	
1731	1732	4309	
1734	10527	
1209	1110	6204	
1746	1747	1748	8795	10709	2556	
1585	1582	10121	
1752	1753	15041	
1526	18	2205	
1182	18	4813	
1324	1325	13323	
1755	18	1243	
1757	18	11561	
1762	1766	6553	
1762	1768	1077	
1773	1774	4529	
1776	1777	6416	
1782	1771	8048	
1136	1137	771	
1788	1789	422	7210	
1791	6424	
1793	1794	8618	
1796	553	15540	
1804	1805	12568	
1689	1454	654	
1801	1809	9899	
1811	15400	
1480	18	2142	
1816	1817	11882	
1480	18	11316	
1821	1822	15379	
1755	18	12583	
1757	18	7369	
18	1759	11990	
1179	1824	2381	
719	720	13153	
1832	1639	10408	
1284	1837	5661	
1500	1501	14806	
1503	1501	8025	
67	1609	4213	
1611	67	11431	
1215	1216	4129	
196	197	13475	
196	230	9599	
1556	1841	5826	
1843	1844	1553	
1153	1154	9838	
1156	1157	11080	
861	862	12174	
1500	1501	3509	
1503	1501	10126	
1846	1847	5871	
1849	1850	7105	
143	144	6434	
719	720	15283	
18	1667	1579	
1852	18	11563	
824	825	8481	
523	524	4817	
1856	1857	459	
1856	1857	12393	
1863	1864	11314	7897	
1592	1593	2046	
396	1313	10563	
1182	18	14330	
1871	18	5318	
1873	7323	
1807	1454	4549	
1875	1774	5823	
1877	1878	5900	
748	784	3784	
834	745	11329	
54	114	10689	
1131	108	16269	
103	104	8964	
1883	1884	4729	
1324	1325	11866	
1894	822	15565	
18	811	10359	
18	811	13037	
933	1620	6999	
1182	18	14449	
1871	18	15755	
1905	1909	8094	
1757	18	7981	
18	1759	3227	
1600	10161	
1349	1350	10388	
1914	1915	1916	12067	11050	
1918	1919	12275	
1921	1922	15083	
1453	1454	5420	
1456	1454	12649	
1458	1454	9345	
1462	1463	6200	
857	858	859	7789	5357	
18	1632	11917	
1924	1925	3255	
1927	1928	13888	9097	
1931	1932	2091	
1934	1935	11749	
1700	1701	16254	
1736	1737	5807	15949	
283	1940	5281	
18	1632	2743	
1955	1953	8470	
1714	18	1692	
1153	1154	8711	
1156	1157	3607	
1634	1635	11752	
1972	1973	9555	
1975	1976	14537	
1975	1978	15818	
18	1667	5151	
18	1667	14409	
230	994	258	
1657	1658	15968	11574	
1983	1984	11224	
1816	1817	9606	
1986	1987	2875	
1992	18	1993	
1654	1655	3936	
2001	2002	14657	
1657	1658	4629	1430	
1316	1317	10817	
2009	18	9252	
2013	798	7183	
18	1632	12890	
414	2019	1215	
2021	2022	10904	
18	1667	12271	
1544	1545	1265	
1121	1122	1223	
1124	414	4108	
2029	2030	11312	
2030	2032	6913	
155	2036	8162	
2038	13248	
2040	2041	7389	
2043	2044	11601	
2048	2049	16114	
230	994	4709	
1500	1501	2610	
1503	1501	4260	
2056	2057	5217	
2067	2068	9232	
2070	18	11599	
2072	2073	5100	
1651	1652	4805	
2079	2080	2145	
2085	2086	6342	
2088	2089	4159	
2091	2092	12276	
18	2059	14955	
2109	2110	11871	
2116	2117	15973	
349	2119	2620	
2121	349	12711	
208	205	9461	
213	197	2247	
213	219	10093	
228	2125	9307	
70	221	11483	
915	916	11542	
918	919	3772	
213	230	10295	
2129	2130	14872	
199	200	1590	
2135	2136	8789	
2142	2143	11960	
202	203	3222	
205	206	15208	
208	205	13124	
213	197	9372	
196	215	4240	
213	219	3620	
202	1727	475	
213	221	4086	
70	221	12250	
196	221	11938	
199	206	11149	
206	225	6512	
918	919	2439	
2145	1195	9909	
2147	2974	
2158	2155	8660	
2162	2163	11863	
18	2059	520	
2167	2168	493	1347	
1563	1564	6447	
1566	1564	10468	
1558	1559	11268	
2170	18	7151	
1918	1919	12872	
2186	2187	10714	
391	2189	11131	
1672	2191	7766	
2193	2194	2	
2191	2199	7375	
1672	2201	9722	
2203	1676	4430	
1934	1935	11808	
280	1935	4910	
2205	2206	15659	
2210	18	6370	
2212	2213	6268	
2215	2216	567	
1176	2218	8565	
1774	2220	13143	
1921	1922	4453	
2227	179	8154	2998	
2228	2229	4871	
1968	1969	3090	2415	
2231	2232	4214	
2242	2243	11912	
2242	1369	11982	
0	2246	7136	
2038	4315	
2231	2232	11443	
1997	1998	7806	10126	
2257	2258	14362	
2260	2261	773	
824	825	9913	
1248	2267	14374	
213	2269	15244	
2273	319	11190	
2277	396	1444	
2281	349	9534	
213	2287	12205	
319	2289	163	
2291	2292	1559	
2296	2292	5896	
2298	2292	13842	
2304	2305	5026	
1788	1789	13936	6840	
2309	18	15497	
2314	2315	14218	
2320	2318	11376	
2322	2318	8129	
2324	2318	11988	
1654	1655	6399	
1657	1658	15757	935	
1133	1134	8652	
1905	1909	174	
289	2333	11754	
2335	1179	12856	
526	527	1043	
2112	18	14200	
1798	1799	331	
2004	2005	7764	
2355	9282	
7	2181	6468	
2360	2361	2670	
1500	1501	8907	
2372	2373	14055	
2378	18	925	
2384	2385	15899	11741	
2394	2395	2828	
2397	2398	11052	
230	994	10486	
2409	18	7555	
2384	2411	7053	13252	
2413	2414	3273	568	
2424	1652	14679	
2433	18	201	
18	2059	13817	
2140	18	15676	
1994	1995	1689	
414	2438	6113	
2440	2441	12204	
2446	2447	12284	
2457	2458	12824	
2466	396	7990	
2469	1596	7258	
2471	18	13953	
196	197	2617	
2478	2479	8367	
2485	1351	
2487	934	5454	
2489	2490	6243	
859	2500	13611	
1480	18	14262	
2145	1195	4240	
2504	9341	
1407	2331	8041	
2513	2514	15452	
2519	2520	3086	
202	203	13437	
210	211	9859	
213	197	8418	
196	215	15286	
210	197	15865	
210	219	12711	
213	221	10612	
210	221	5616	
206	225	15991	
227	228	12459	
175	1272	4178	
213	230	5828	
2524	2511	12843	
2526	2527	564	
2529	2530	8652	
2539	18	13771	
2357	2358	14089	
18	2059	5277	
1788	1789	10511	4730	
2548	11570	
1994	1995	9165	
208	2392	1721	
1501	2561	6559	
1672	2191	13375	
2191	2199	6273	
1672	2201	507	
7	2181	1971	
1654	1655	13726	
2563	2564	12271	
2568	2569	13670	
645	2571	2628	
202	203	13856	
205	206	2699	
210	211	2137	
213	197	9993	
210	219	16216	
70	221	10384	
196	221	14515	
210	221	3626	
1270	202	5710	
206	225	1246	
175	1272	12159	
918	919	12898	
227	228	15714	
213	230	13450	
1333	1334	13743	
1338	1339	6644	
1330	1341	12370	
1343	1344	15426	
2155	2156	8166	
1526	18	14785	
1528	18	15025	
1530	18	10538	
18	1532	7592	
2576	2577	9364	13230	
2555	2556	14874	
2380	2381	548	6684	10002	
1530	18	7373	
18	1532	16237	
2228	2229	3722	
1994	1995	13113	
2582	2583	6160	
1720	2585	347	
2587	2588	16214	
2590	18	7819	
2592	2414	8146	3450	
2594	2595	16213	
2597	2598	4529	
2600	2595	2782	
2602	2595	10504	
2606	2467	
2617	2618	3855	14227	
2620	2621	4582	
18	1539	7096	
1975	1976	5467	
1975	1978	10901	
1980	1981	1312	
2623	2624	597	
2626	2624	12272	
2628	2629	1453	
2633	2624	7395	
2635	2636	14816	
2638	2639	773	
2643	2644	5245	
2649	2650	407	
2652	2653	14798	
2657	2653	15481	
18	2659	2502	
1136	1137	13421	
2661	18	8177	
2667	2668	13650	4815	
2668	2670	7511	16197	
1994	1995	1573	
2677	2678	4923	
2680	18	8486	
2532	2533	8685	
2535	2533	9733	
2535	2533	13382	
2684	2685	15003	
2687	2688	14349	
2692	18	6370	
1274	1275	16278	
1774	2220	11548	
2694	2695	4204	
2544	2545	8759	4532	
2703	18	1546	
2705	2706	10822	
2713	289	4594	
2030	2032	13188	
2715	18	2316	
2717	2718	7856	
2326	2327	3785	
2724	2725	15136	
2727	2728	4829	
2733	2731	15310	
2744	2745	8681	
2703	18	2257	
2231	2232	1468	
2231	2232	7136	
1482	18	14479	
143	144	9141	
2750	2751	15955	
2753	2754	11023	
2608	2609	6494	
18	2059	11413	
18	2059	12307	
2756	18	5287	
2761	138	9342	
2763	2764	3462	
2479	2481	10225	
2770	2771	7965	
2237	2238	10692	
2773	2774	127	
1179	2779	3038	
2309	18	1759	
2790	2414	8729	1092	
1149	2791	8888	3105	
2792	18	4842	
824	825	16183	
903	904	854	
2794	18	10511	
1816	1817	14514	
2597	2598	14372	
2800	2573	5709	
2804	2805	4560	
2804	2810	6571	
2819	2820	12977	
2826	1574	2803	
2460	2461	14401	
2463	2464	2076	
2833	2834	14568	
18	1532	4754	
2424	1652	27	
2620	2621	7314	
2846	65	99	
2852	2853	12182	12629	
2855	2856	57	
2475	2476	9462	
2792	18	9627	
2867	1774	5246	
2871	2872	10020	9871	
1989	1990	4746	
2876	2877	12349	
2893	2894	13587	
2896	2894	12798	
2898	2894	8943	
1372	2894	2656	
2898	2903	2581	
2912	18	12838	
2555	2556	6067	
1644	2194	7472	
2926	2194	14572	
2933	2934	1270	
414	2438	778	
1136	1137	15365	
2942	2943	10552	
230	994	4413	
2952	1047	
2380	2954	1965	
774	2961	8241	
2965	2966	13171	
2203	1676	13935	
1644	2194	6459	
2926	2194	322	
2193	2194	5053	
2196	2197	864	
2972	2973	2541	
2790	2417	9459	12695	
1149	2791	5308	629	
2558	2559	11065	
2981	2978	8373	
2199	2985	4850	
2993	2994	11069	
2996	2997	3468	
2873	252	8491	10150	
2340	2341	9480	
2792	18	6396	
2999	3000	16284	
414	2438	11150	
230	994	15329	
2340	2341	9691	
2792	18	10791	
2790	2417	11907	1950	
1149	2791	9870	2279	
851	3007	4821	
1203	1204	14825	
3013	3014	12193	
2375	2376	9301	
3016	15958	
3018	3019	16085	4594	
3022	3023	10203	4872	
2855	2856	5442	
3026	11187	
376	3028	5848	
1179	3030	47	
3032	3033	14841	
3040	3041	4201	10239	
3044	2054	2392	
1360	18	9318	
2768	18	10848	
3056	3057	296	
2133	3059	15185	
2790	2417	16000	10095	
3061	3062	10226	
1503	1501	4109	
3073	3074	2106	
2747	2748	14126	
2790	2417	435	15541	
2790	2414	7076	12606	
2796	2797	8715	4329	
3080	2807	868	
2804	2812	11283	
3082	3083	481	
3085	18	16222	
3092	3093	3094	10528	2392	
3099	3094	9420	
3103	3094	2537	
3105	3106	13796	
3108	3109	15405	
3111	3106	1350	
3117	3115	491	
1501	2561	13234	
3128	3129	370	
821	3131	11921	
1722	1723	12257	
2109	3142	9796	
3146	3147	10962	
2587	2588	12143	
2326	2327	1032	
3083	3157	13916	
3161	3162	7116	9706	
2375	2376	14154	
18	3164	3018	
2109	3140	14214	
3146	3147	14958	
3168	3169	15980	
3171	3176	11182	
3184	3185	2174	
3193	1073	1550	
3196	3197	2500	
2830	2831	3611	
2558	2559	11691	
2558	2559	32	
3046	3047	11989	
3199	3200	16280	
3202	3203	13349	
3205	3206	12927	
3202	3208	1803	
3202	3210	4465	
3212	3213	15855	
3202	3215	14399	
2730	3220	1899	
3222	3223	6909	
2978	2979	5671	
3234	3235	12971	
2828	18	7300	
3244	3245	14276	
3247	18	13152	
414	2438	14679	
3217	3218	16238	
3254	3255	3623	
3263	2130	11650	
3265	3266	6097	
2919	2920	9708	
3283	3284	5197	13871	
3290	3292	968	
1816	3296	8122	
3303	3304	10758	
3306	3307	11114	
3309	3310	15292	
2814	2817	10258	
3312	18	7541	
3314	3315	13562	8490	
2167	2168	12628	8964	
2475	2476	4208	
3320	13432	
3322	3323	15793	
614	3330	6120	
3332	18	13220	
3334	3335	777	
3337	18	5938	
3339	3340	4503	
1133	1134	11530	
3342	3343	5591	14797	
3347	3348	4975	
213	3355	4611	
3360	3361	7855	
3366	3367	13584	
3371	3372	10309	
3035	3036	4132	
3374	3375	11440	
3381	3374	1528	
1568	3387	4951	
3389	3390	9666	
3392	3393	4236	
3398	3399	7669	
3405	3406	2888	
3202	3408	11101	
3202	3414	842	
3374	3377	1168	
3416	3417	11060	
2199	3419	1788	
175	3424	11661	
2999	3000	5722	
3429	2136	5537	
2792	18	11921	
2730	3220	11580	
3436	3437	12741	
3085	18	8336	
3442	3443	2613	
3237	3238	994	
208	3240	13559	
3290	3445	3844	
3450	3451	5112	
3451	3453	7859	
3455	18	15432	
3290	3292	411	
1063	3463	18	10012	3707	
3465	3466	7332	
3468	3469	4708	6252	
2193	3476	7706	
3487	758	2098	
3489	3482	1471	
3491	12828	
3497	3498	7159	
3500	3501	11412	
3314	3315	12965	3565	
1672	2985	1203	
2988	2991	12012	
2661	18	14262	
2667	2668	14379	8972	
2668	2670	9266	12714	
3242	18	5202	
3509	67	1444	
3511	3512	15529	
3514	3511	2025	
3516	3511	15109	
3347	3348	1317	
3522	2414	2783	4520	
1179	2550	2059	
3273	3274	4918	3253	
3277	3278	15381	4672	
2203	1676	395	
1672	2191	6785	
1644	2194	15315	
2926	2194	4303	
2196	2197	11447	
2191	2199	3238	
3531	3532	1804	
3534	3535	1723	
2368	6609	
2116	3553	7911	
3561	3562	5882	11910	
1672	2201	7927	
1672	2191	9268	
1644	2194	1410	
2196	2197	7210	
3568	3565	1010	
3572	3573	13327	9529	
3576	3577	4946	
3579	548	11491	
3581	3582	2072	
18	3584	7245	
3242	18	14321	
3586	3587	2436	12600	
3594	3595	13876	
3597	3598	7570	
3600	3601	11028	
3608	3609	14302	
3611	3612	7104	
3618	3614	8073	723	
3622	3623	5926	11750	
2849	2850	8952	
3628	2193	3258	
3630	3631	3321	
3639	3640	1018	
3648	18	1431	
2406	3653	16188	
3655	3653	15983	
2191	2199	12178	
1672	2201	5258	
1672	2191	3042	
3661	3662	11034	5181	
3363	3364	11826	
3366	3367	6477	
1319	3666	3786	
3676	3677	7312	971	
3683	3684	3831	
2747	2748	6788	
3686	3687	351	
3689	3690	14722	
18	3557	11416	
2296	3612	7951	
3468	3469	12792	11363	
3579	548	5803	
3237	3238	1718	
208	3240	9604	
3290	3474	679	
2193	3476	11624	
3702	18	2262	
3715	3716	10171	
3721	3722	11611	
67	3724	15330	
3726	3727	12114	5216	
1179	3735	3281	
3737	18	10736	
3741	3742	2158	
3744	3745	4745	
3196	3197	4291	
3747	3748	5491	
3750	3751	13984	
2199	3419	3016	
3753	3754	3194	
3756	18	12392	
3597	3598	15024	
1146	3762	7455	
3766	3767	3298	
3769	3770	3015	
3273	3274	13093	4518	
1672	2191	1142	
2191	2199	12628	
1672	2201	6404	
2203	1676	10177	
2203	1676	8937	
1672	2191	2536	
1644	2194	15800	
2193	2194	13531	
2196	2197	7192	
2191	2199	4966	
2928	1676	69	
3780	3781	7399	
2936	2937	3690	
3786	3787	11276	
3789	1978	12063	3303	
3795	2552	12941	
3797	3798	9707	
3806	3807	7631	
3811	10325	
2193	3318	15846	
3316	2199	15322	
3816	1018	11361	
3820	3821	3859	
2999	3000	9702	
2519	2520	9375	
3290	3445	12858	
3830	3831	11590	
1095	3830	4473	
3840	3223	11045	
3092	3093	3094	705	53	
3097	3094	10024	
3101	3094	13553	
3099	3094	11568	
3108	3109	3545	
3109	3847	9606	
3849	3850	9240	
3697	1179	2722	
3856	3857	11648	
2497	2498	6780	
3769	3770	16058	
3875	1474	35	
3875	1771	13985	
3879	3880	9428	
3433	3434	1851	
1526	18	4338	
1528	18	5787	
1530	18	5671	
18	1532	9623	
3887	3888	8593	11672	
2497	2498	1165	
3894	18	11513	
3901	2942	8806	
3905	3906	4448	
3905	3908	9918	
2203	1676	4483	
1672	2191	15706	
1644	2194	10496	
2926	2194	879	
2196	2197	9328	
2928	1676	13525	
3914	246	92	
3920	246	14274	
3339	3340	3317	
3922	3923	15528	9393	
3303	3304	9943	
3306	3307	11398	
3605	3606	12457	
3932	2218	8031	15324	
3936	3937	14117	
3389	3390	14104	
3392	3393	12849	
3395	3396	10119	
3405	3406	12307	
3939	3940	6615	
3942	3943	2297	
3945	3057	12638	
1816	3296	3430	
414	3166	8535	
3947	3948	11563	
3128	3129	5103	
821	3131	3750	
2867	3956	15440	
2199	2985	12010	
2988	2989	4963	
3965	3966	15737	
2203	1676	7672	
2196	2197	3623	
1672	2201	3907	
3447	3448	15335	
3451	3453	14507	
3979	1226	13728	
3984	3985	7567	
3979	3987	14775	
3989	3990	932	
3559	1953	2394	
3942	4004	5681	
4012	4013	4014	14740	11597	11415	
4020	4021	13530	
3371	3372	15969	
4033	4034	5499	
4039	4040	12825	
4042	3612	14929	
4044	18	11409	
4046	4047	968	
4053	4054	15837	10604	
4056	4057	10523	
3514	3511	520	
3516	3511	4333	
3518	2588	8919	
18	3584	13209	
4072	6766	
3360	3361	15276	
4074	4075	4836	
4077	18	4137	
4079	4080	729	3687	
4083	4084	13582	
4086	4087	16009	1971	
4090	4091	12416	
18	3584	14347	
3458	4099	11915	15923	
18	4104	13579	
3840	3223	1759	
3840	4109	10813	
2048	2049	9916	
4113	18	10441	
4115	4116	6025	
2203	1676	6860	
2928	1676	7266	
3795	2552	12067	
2203	1676	1876	
1672	2191	1647	
1644	2194	212	
2926	2194	8333	
2196	2197	14162	
2928	1676	13199	
4123	4124	7595	
4126	4127	234	
3334	4137	8102	
1195	4139	14329	
3739	9016	
1215	1216	6315	
1146	3762	7319	
289	3764	6431	
3389	4002	10294	
4141	4142	8425	
3290	3445	12492	
3605	3606	13656	
4151	4152	9411	1099	
4151	4154	2456	6274	
3732	3733	15387	
3369	3187	10061	
4156	4157	4483	
4165	5873	
4170	18	10491	
3837	3838	12735	
3834	3835	12897	
4172	4173	9321	
2193	3318	2680	
3316	2199	7217	
4177	18	10868	
4185	4186	12582	
3715	4188	138	
4017	4018	316	
4194	18	2960	
4200	4201	11959	
4203	4204	13624	
4209	4210	7982	15808	
4215	4216	9435	2884	
4219	4224	2391	100	
2368	5608	
1644	2194	5441	
2926	2194	11619	
1672	2201	8567	
4042	3612	4070	
18	4118	7056	
4225	2725	14405	
3806	3807	13620	
2296	3612	14225	
3871	3872	15104	3932	
3395	3396	13688	
3395	3399	12279	
4231	4232	13308	
4231	4090	10954	
4237	4238	13871	
4240	4237	2137	
1179	4235	14845	
4245	4237	4141	
4237	4232	453	
4231	4256	13307	
4231	4258	6232	
4231	4243	11662	
4261	4231	495	
4280	4282	200	
1592	4284	4584	
3869	18	12551	
4288	3482	2343	
4292	18	3065	
2633	4294	9160	
4192	18	374	
4194	18	4561	
4301	18	8643	
3882	3883	13517	
3882	3885	8707	
4309	18	10321	
18	4311	13722	
4326	18	4644	
4331	4332	7573	
4331	4334	460	
4115	4343	10467	
414	4350	4504	
1215	1216	16108	
3856	3857	5990	
4352	548	14881	
4354	1068	5467	
4354	3172	1073	
4360	4361	12789	
4364	2435	
3837	3838	14230	
4368	4369	2363	
1672	2191	4651	
2926	2194	15017	
2193	2194	15043	
2191	2199	11250	
4292	18	12704	
4376	3566	8745	
1248	4378	583	
3605	3606	8430	
2867	1774	7938	
87	88	5960	
4388	4389	11079	2420	
4394	4395	10381	
4397	3751	6441	
4159	4408	10569	15158	
4410	1622	2400	13452	
4413	4414	12183	
4413	4422	4935	
4413	4426	1119	
159	4428	14886	
4430	4431	10881	
4433	4434	10149	
4436	4437	3452	3752	
4182	4183	693	
18	2059	13281	
4445	4446	12668	
87	88	172	
87	88	7390	
4452	4453	14575	
3942	3943	2466	
3334	4137	933	
4474	4475	7595	
4477	4475	1976	
4479	4475	7178	
4481	4475	7190	
4366	319	778	
4483	4484	2449	6781	
4296	4297	7518	
3939	3940	114	
1179	3735	10801	
4497	4498	1425	
4505	13423	
3789	1978	8196	11773	
2573	4510	13693	
3894	18	14763	
4512	4513	14107	
4515	4516	3073	
4518	18	13061	
757	758	13834	15874	
757	758	3140	11567	
4520	18	4964	
4522	1284	6108	
3290	3445	15744	
1179	3735	5407	
1887	3775	2334	
3777	3778	3157	
4524	4525	15874	
2747	2748	10450	
4534	2763	8258	
4448	18	2723	
1672	2191	5668	
2926	2194	14995	
2193	2194	13267	
2191	2199	3844	
1672	2201	9273	
3605	3606	7729	
4544	4545	7085	
18	3584	5741	
18	3584	3047	
4564	1771	15302	
4567	18	5685	
3856	3857	6948	
4569	188	1325	
4577	4578	3331	
4126	4127	7466	
4209	4210	13639	7780	
1644	2194	9426	
2926	2194	4568	
2196	2197	8370	
1672	2201	9101	
2203	1676	3598	
4470	4471	7773	16161	
4595	4596	14582	2366	
4413	4414	3354	
4413	4418	728	
4413	4422	7434	
4424	4413	15200	
4599	2222	12071	
4397	3751	10075	
4601	4602	8574	
4604	4605	4221	
3433	3434	1937	
4607	4608	4609	5134	12237	
4018	4612	9991	
4084	4614	6201	
4616	4617	6043	
4619	4620	5842	
4622	4623	6346	
4627	4628	7061	
4352	548	1913	
3939	3940	15944	
4633	4634	11178	13653	
4113	18	8656	
1248	4645	11757	
3389	4002	97	
873	4647	9214	
873	4647	9626	
3975	3976	3721	6110	
4652	2636	1550	
159	4428	6064	
4654	1212	14537	14329	
4668	4669	4981	
4671	3535	11916	
3128	3129	12862	
2999	3954	4651	
4678	4256	3609	
4115	4116	6613	
4463	18	16135	
4380	4381	14469	
4680	18	15	
4682	4683	5705	7061	
4690	4691	9237	
4697	4698	12820	
1195	4139	12110	
4713	4714	8330	
4716	4717	12553	
3004	4525	10284	
2203	4488	12661	
4723	4724	3790	13857	
4518	18	8722	
4726	18	12039	
4733	2376	4979	
624	4735	7330	
1248	4739	14601	
4744	4745	5994	
4463	18	13812	
4747	18	10816	
4749	4750	2640	
4380	4381	15692	
4752	1341	11675	
558	1508	15592	
4463	18	61	
4524	4525	6639	
873	4647	2488	
4758	4761	1410	
1972	1973	6321	
4765	3057	1075	
3605	3606	3268	
1592	4284	710	
4772	18	15048	
4774	4775	6553	
4777	3582	14333	
3933	3934	15925	
352	4781	4912	
3606	4788	11977	
4792	18	6687	
1761	4796	7389	
3942	3943	11541	
4297	4299	10917	
4812	79	9674	
4814	4815	8677	1672	
4814	4818	1402	6057	
4829	4830	7252	3393	
3894	18	6068	
1179	3735	6184	
4832	18	14835	
4604	4605	10296	
4834	18	5579	
4841	4842	1786	
4844	4845	12720	5359	
4848	4849	2981	
4854	4855	3484	
4859	18	4119	
3525	3526	249	
4866	4867	4868	4796	14594	
4871	4872	13556	11624	
3975	3976	634	9670	
4874	4875	310	
3834	3835	3751	
2867	3956	15544	
4890	4891	7015	
4705	18	13049	
4902	18	14569	
4906	4907	4078	
3882	4914	1349	
391	2561	10738	
4924	2561	10789	
4926	2561	504	
4930	1472	2714	
4934	2561	13077	
4943	2561	9174	
4945	4946	742	13936	2265	
4959	4949	10807	
4963	4949	13843	
1556	4965	9506	
4969	4970	7960	
4972	4973	2157	429	
4976	8875	
4595	4596	9524	6308	
4987	4988	2019	
4990	4991	4851	12322	
4512	4513	13052	
4877	4878	15670	
5000	5001	3583	
5005	5006	11075	
5008	5009	8325	
1889	5011	13027	
5013	5014	6888	
5024	5017	12333	10401	
3800	3801	15151	
4783	5033	9928	
5035	5036	4262	
5048	5049	3707	
5058	5044	9627	
5060	5044	9691	
4707	4708	14981	
4713	4714	2735	
5076	6771	
5076	5134	
5078	3806	
4569	188	5989	
5080	1563	6570	
5087	3162	9041	14228	
5088	3162	8179	7357	
5092	5093	1117	8456	
5095	5096	12542	14034	
5097	5098	4563	2417	
4296	4297	530	
4772	18	11615	
5110	5111	9240	13839	
5116	5110	2713	7864	
5118	5106	3892	6697	
5124	5125	15841	11339	
5110	5128	1140	14326	
5133	5134	11944	
5136	5137	5138	12946	4729	
5145	18	6728	
5145	18	2337	
5151	2636	6530	14806	
5154	5155	517	
5161	5162	5163	13797	16050	8565	
5166	18	10529	
4972	5170	15832	8848	
5171	5172	9902	
5174	5175	902	
5181	5182	1127	
175	5191	13612	
175	5193	7935	
4439	4440	9154	
4536	4537	3294	
5201	3480	
5203	9864	
5207	7156	
5209	6279	
5211	18	1181	
5215	8092	
5221	5222	465	
4331	5226	4142	
4899	4900	12728	
5230	1637	
5232	15480	
4866	4867	4868	16162	10205	
144	5238	5475	
3383	5238	9512	
5241	5238	3314	
4115	5243	5459	
1191	5245	12406	
4700	4701	15652	
5271	615	
5275	4803	198	
5277	4159	9904	10951	
5279	1816	5786	
5283	5284	3052	
4530	4531	4073	7211	
5296	5297	14508	
5299	5300	12660	
4607	4608	4609	10858	15446	
3525	3526	8133	
2429	5317	16250	
5319	6026	
5321	18	14367	
5328	18	8474	
5333	5334	13382	
4707	4708	13115	
4710	4711	11381	
5338	5339	7746	7198	
5342	919	2772	
5344	5345	2490	
5349	5350	13342	
5340	5352	8535	
5340	5354	2407	
5340	5356	2265	
3901	2942	1291	
3896	3897	14495	
2864	1980	10487	
4539	5362	7496	
4544	4545	13792	
3715	4188	8881	
4190	4188	7719	
5370	18	12742	
5376	5379	12355	6610	
1389	5383	3221	590	
5400	5401	12681	
5406	4413	12402	
4413	5408	15605	
4413	5410	13169	
4413	5412	5749	
5416	4413	10624	
4413	5420	8844	
4413	5422	8459	
4413	5432	15134	
4413	5434	10640	
4413	5438	5014	
5440	5441	3852	
5446	5447	8523	
5453	5454	5455	11814	3947	10173	
5457	5458	11913	
5462	5457	10426	
5457	5468	6006	
5472	5457	9416	
5478	5479	293	
5481	5482	13649	
5487	5488	14404	
5487	5490	10658	
5494	5495	16275	
5497	5498	9247	
5500	5501	4736	
5376	5379	1986	3877	
5372	5373	1691	5984	
4144	4145	6317	
3800	3801	689	
4113	18	2192	
5505	5506	11795	
3800	3801	12700	
5508	5509	860	
5457	5514	13588	
5457	5519	14400	
5523	5524	14695	
4710	4711	5830	
18	5531	365	
1972	1973	60	
4772	18	5338	
5537	5538	4463	
942	5197	8743	
4366	319	1740	
5065	5066	5067	7311	86	
5540	2167	5541	9771	9859	
5154	5155	2239	
5545	5546	13293	
5553	4877	4425	
5555	5556	10201	
3383	5558	9566	
5571	559	1611	
2417	5573	772	9221	
2417	5577	12566	389	
5579	5580	14046	
5582	5583	16272	
5588	5589	7163	
5606	5607	9829	
5390	5391	4388	
5393	5394	1407	
5396	18	4130	
5394	5398	3281	
5611	5106	9149	10251	
5613	5106	9140	14684	
5615	14805	
5620	5621	5708	
18	2059	5564	
5623	5627	3638	3522	
5634	5635	7327	4321	
5641	5642	13013	4237	
5645	5649	11877	10750	
5645	5652	7041	4097	
5302	5303	212	
3975	3976	7715	14504	
18	4731	12019	
5657	5658	15876	
4972	4973	13244	14729	
4749	4750	505	
5660	5661	13554	
5390	5391	11619	
5393	5394	14556	
5394	5398	11038	
5400	5401	7947	
5394	5398	8672	
5403	5404	8014	
5663	5664	3223	
4904	18	5307	
5620	5621	6185	
5673	5674	2412	14940	
4972	4973	7337	10318	
5679	658	7504	
5681	658	136	
5666	5693	4098	
4115	5366	9760	
5505	5506	13383	
5707	5708	5680	
5710	5711	9574	
4814	4815	681	2733	
4814	4820	8609	5530	
5673	5674	9762	2757	
5716	138	6317	
4115	5243	12038	
1191	5245	4941	
5720	5718	15483	
4465	4468	598	
4465	4836	3506	
4838	4839	9178	
4465	4466	8310	
5340	202	3015	
5722	5723	16129	
5340	5354	1307	
5344	70	10647	
5342	919	6799	
5725	5726	13686	
4783	5033	11999	
5038	4145	13270	
5737	2577	1929	8868	
5252	5253	3830	57	
1176	5742	12123	
3605	3606	601	
5154	5155	1814	
5029	18	3073	
5751	6009	
5755	5756	3871	739	
5757	5758	14636	14328	
5760	5761	5762	5763	12195	7938	1752	
3334	5765	10747	
5267	18	8212	
5269	18	907	
5638	5639	13111	
5569	5567	14374	
5767	5768	8761	
5773	14746	
5777	13009	
5249	5250	6075	
5779	3162	3921	15255	
18	5784	6959	
5786	18	15152	
4206	2641	13622	
5308	18	5610	
5310	18	13861	
5312	18	5331	
5794	18	10483	
5796	5799	5339	
5804	5805	9668	
5807	5808	6948	
4115	5817	3046	
5819	5820	8481	
5171	5172	9030	
5827	5828	10129	
2438	3218	6403	
5834	5835	9399	
5201	11970	
5213	8758	
79	5841	15292	
5843	5844	8531	
5849	5850	1474	
5252	5253	2485	635	
5861	5862	9397	1977	
5673	5674	3663	10335	
5867	18	14846	
5869	5870	285	
5878	530	4194	
5880	151	
4457	18	9570	
5903	327	4120	
5905	5906	9424	
5908	5892	11245	
3979	5911	13596	
3979	5913	13116	
1886	5915	14973	
5919	327	14180	
5897	5924	7009	
1886	5928	6251	
5934	327	3620	
3979	5947	3007	
5889	5955	3860	
5959	5961	13060	
5967	5889	7395	
5950	5971	11958	
5897	5978	7080	
5897	5982	4162	
5892	5984	293	
5992	5989	2105	
5892	5997	12423	
5999	6000	15493	15689	
5560	5561	732	
6004	4525	506	
6006	18	16286	
5048	5049	13948	
5053	5044	3475	
1596	5044	8565	
228	412	13866	
5487	5490	1534	
6013	6014	14988	
6016	6017	6852	
6019	3162	13426	16253	
67	5728	4579	
5289	5290	6155	
6028	6029	3860	
6031	6032	8902	
5666	5693	9389	
6037	6038	3208	
6040	188	15354	
6042	2054	15425	
6045	6046	4481	
6050	6051	4284	
6050	6053	10528	
6055	6056	12035	
6058	530	4199	
6062	6063	7148	
6067	2638	13259	
5534	5535	5780	
6069	6070	7675	
6074	6077	16272	
6079	6074	4674	
6074	6081	7868	
6074	6083	4307	
933	6087	10324	
6089	6090	14126	
6103	6104	15379	
6109	6110	7114	
5794	18	3352	
6115	6116	9117	5799	
6117	6115	5280	6976	
2968	6115	9481	3577	
6115	2352	215	7427	
6126	6127	5438	
6129	6130	925	
6134	18	13758	
2999	6140	7438	
2573	6146	5534	
2573	6146	12747	
6151	6152	1665	
6160	6161	7640	
6163	6164	5653	
6171	6164	9028	
6173	6174	9379	
6178	6179	8573	
558	6183	15073	
6190	4854	6637	
6190	1146	8160	
6190	5534	417	
1889	3437	14540	
6202	3437	4988	
6204	18	4808	
1761	6206	6695	
228	6208	3229	
5582	5583	7009	
5588	5589	8555	
5591	6212	3540	
778	6218	3460	
6222	4159	13839	11715	
6227	6228	15589	
938	5102	9601	15668	
5116	5110	7913	15119	
5120	5121	2833	1807	
5110	5128	8625	6580	
6235	6236	130	
6241	6242	15082	
6045	6244	4015	
4675	6246	8645	
6251	6252	1806	
4115	6254	140	
2438	3218	7389	
5387	5388	9265	
5393	5394	15422	
5394	5398	14531	
5400	5401	5084	
5394	5398	6965	
5403	5404	3640	
6260	18	13547	
6262	6263	7635	11951	
6266	6267	11653	
5756	6269	11219	5127	
6270	6271	7391	
5617	5618	6390	
4366	319	10503	
5654	5655	10068	
6275	6276	13653	515	
6279	6280	3567	8559	
2417	6283	3776	5975	
4749	4750	4922	
6285	79	8464	
6285	79	5952	
6289	6290	14008	
6298	6299	4321	
6304	6305	12781	
6307	3088	12129	
6309	6310	16233	11213	
6316	6242	10089	
6318	6319	11314	
5154	5155	6666	
4115	6321	6373	
6327	18	10635	
1889	5011	6586	
6332	4401	15123	11583	
6256	3962	7042	9896	
228	6208	13836	
6210	65	1703	
6340	6341	5646	
6344	8207	
6346	6347	1551	
6352	6353	3264	
6357	6358	12701	
5683	3872	8121	
6360	6361	11511	
6363	6364	858	
553	6369	3182	
6371	6372	4495	
155	6379	9561	
6381	1501	6996	
3172	6384	5693	
6386	1774	12302	
6390	155	1894	
6397	18	139	
5810	5811	13686	
5154	5155	14129	
2520	5157	12224	
5310	18	12107	
5308	18	7775	
1394	1395	1532	7437	
3642	6403	13653	
5780	18	14596	
18	5784	3861	
6270	6271	9628	
6406	6407	9848	8553	
6412	12183	
6416	18	12991	
6418	18	8952	
6420	2527	11426	7889	
6426	6427	11515	
6431	5639	793	
6434	6435	5486	
6443	6445	12806	
6452	6453	2700	
6455	6456	13198	
6458	2446	12937	
6106	6107	3178	9659	
6142	5739	
6465	18	15216	
6467	18	11855	
1406	6469	5663	
6474	6475	8946	11277	
6477	6478	6782	
6483	6480	4361	
6485	6486	5302	
6488	2620	12661	
6488	2620	15725	
6493	6494	11540	
5882	5883	11984	
6502	6503	7128	
6505	6506	13531	
6508	6509	4894	
6511	6512	14827	
5252	5253	14281	5392	
6273	18	1127	
6520	6521	126	
6530	6531	8682	
6533	18	9063	
6021	6022	2390	10548	
6535	6536	6973	
3823	3824	1765	
3823	6548	2383	
6550	6551	2779	
18	6553	12121	
6235	6236	12526	
2438	3218	874	
2438	3218	5748	
6178	6179	4441	
4206	6555	4089	
6560	6561	1949	
6563	6564	1988	7669	
6566	6567	13144	
18	6569	6808	
590	5292	499	
6574	6575	2612	
6579	3352	1370	
6581	3352	301	
6585	6586	5372	
6591	6592	12317	9411	
6594	6595	15316	
2079	6188	14844	
6187	6188	16079	
6190	4340	1713	
6187	6194	14436	
6190	5534	14839	
3437	6197	7689	
6199	3437	5438	
1889	3437	11566	
5043	5044	1923	
1596	5044	12229	
5333	6599	12254	
6601	6602	15382	
4206	6604	2583	
6608	6609	13701	
4401	6220	7650	6776	
6222	4159	225	10588	
6614	18	7164	
5867	18	3075	
6072	6069	10709	
6622	6623	6322	
5387	5388	13562	
5390	5391	12178	
5394	5398	14967	
5403	5404	10043	
6632	6633	7042	
6635	5722	7419	
6637	3481	5919	
6637	3481	1887	
6641	155	9845	
6643	1596	12416	
6645	6646	8474	
6650	1501	9453	
6645	6652	7613	
6659	6660	5778	5068	
6665	6666	8041	5813	
6673	18	7172	
5796	5797	1169	
5796	5799	14044	
5801	5802	8159	
5804	5805	8514	
5487	5488	6504	
5487	5492	15692	
6166	6164	66	
6171	6164	6709	
6694	1179	2376	
6694	1179	4388	
6698	4525	224	
6703	6704	7362	
6707	6709	1913	
6707	6711	6503	
4539	5362	15786	
6713	6714	1303	
6719	18	1430	
6721	286	7615	
6729	246	11536	
6028	6029	4819	
6031	6032	2247	
6733	2500	14534	
3715	6740	98	
6742	6743	6744	7283	12006	14503	
6756	6757	13939	
6772	18	11126	
213	6774	7027	
6776	6777	5277	
5154	5155	11160	
2520	5157	13013	
18	6785	1730	
6429	18	8583	
6790	1101	12953	
391	6792	10250	
6798	6612	5877	
6611	6612	10421	
6800	6801	14793	
6805	6806	5584	
6805	6806	11655	
6008	15991	
1061	6818	6467	3016	
414	6819	9126	15001	
6822	1195	14944	4703	
1195	6825	3659	1264	
414	6819	14180	10165	
6830	6831	4757	
6833	6834	8227	
6527	6528	1678	
1061	6818	13334	11419	
18	5740	8027	
6838	18	4559	
6840	18	11248	
6842	18	10631	
6371	6372	6382	
155	6375	11157	
155	6379	5708	
6381	1501	15961	
6381	1089	7945	
1774	6844	9818	
1596	6388	15118	
6390	155	14068	
6846	1596	15354	
6392	6393	6870	
6856	6857	762	
6861	6854	8234	
6856	6863	9061	
6865	2511	218	
4838	4839	9176	
4465	4466	281	
1994	6751	14296	
6898	6899	12948	9526	
6902	6903	455	
6106	6107	3258	14805	
4368	6905	15192	
6907	1479	
6912	6913	5753	
6915	6916	7578	
6606	530	9255	
6918	6919	6920	1914	12821	
6923	6924	7115	11874	
6431	5639	15364	
5043	6431	10764	
6934	6935	2811	
6746	6747	3134	
6700	6701	14759	
6700	6701	10541	
213	6774	2605	
6344	10196	
6941	6572	11249	
6946	428	6353	10768	
5867	18	10999	
5617	5618	6567	
1994	6751	12469	
6960	3872	1116	
5046	1592	209	
6968	6969	68	
6971	6972	13386	
6909	6910	6636	
6977	5014	11727	2351	
6882	6883	8879	
5720	6882	4000	
4401	6220	105	13732	
6222	4159	535	7998	
18	6828	4632	
4368	6982	2671	
213	6774	16289	
6984	6985	10173	
6095	6093	1851	
6097	6098	2176	
6100	6101	5197	
5171	5172	13571	
5230	13115	
6987	6988	7688	
6990	6991	111	
6998	6999	2744	
2167	7001	1263	1237	
7003	2167	12159	9644	
2167	7001	7245	4922	
6188	1037	3114	
6190	4340	7841	
6190	4854	11622	
1889	3437	429	
6202	3437	13965	
7010	7011	2658	
2519	2520	3996	
2384	7015	8427	1718	
6337	6338	14565	
7020	1179	15169	
7022	2429	7930	
7024	7025	866	
7027	18	4117	
7029	4137	4747	
6838	18	9651	
7031	7032	15495	
6877	6878	13047	
4006	6880	6911	
6572	5292	11752	
7040	7041	15757	
7040	7041	4824	
7047	7048	8436	
7055	18	10340	
5654	5655	11218	
33	7065	9686	2600	
33	7065	1301	977	
7068	4763	889	
6688	5014	4205	
7074	7075	11922	
7079	7080	15250	
7082	7075	8703	
2608	7084	9681	
6909	6910	5807	
7092	5682	
7094	7095	16125	
6998	6999	10206	
7097	18	1609	
18	7099	14577	
7101	7102	12188	
6616	6617	3948	
6619	6620	13218	
7104	7105	13856	
18	6779	10270	
7107	7108	15935	
7115	7116	9488	
7120	7121	9148	
7123	624	6210	
7125	7126	6070	
7128	188	842	
7133	18	15511	
7135	7136	16178	
7143	7138	3254	
7138	7145	10924	
7149	7150	6663	
7152	6093	4912	
6998	6999	11799	
7156	5693	
7167	7168	12034	
6998	6999	2848	
2535	7016	891	
7018	1179	6551	
2535	7016	15408	
7020	1179	4205	
6273	18	4399	
7152	6093	14559	
7173	18	8614	
7175	1195	3370	
18	6779	12164	
7181	18	1592	
7183	18	5131	
6431	5639	1339	
6925	6927	6928	11869	4129	
7204	35	6083	
2535	7016	6057	
7018	1179	14953	
7020	1179	5196	
7024	7025	9383	
7221	7090	5948	
7226	7227	22	
1994	6751	9406	
7092	984	
7235	18	10358	
7237	5523	8864	
7239	7240	5749	
7242	3751	9051	
6787	6788	7962	
7251	7252	8906	
2519	2520	5684	
7254	7255	272	
624	7257	15690	
7259	7260	14983	
7259	7262	4891	
7267	18	4066	
7269	7270	12144	
7274	18	15372	
6838	18	14693	
2519	2520	8180	
6462	6463	2074	
188	7276	812	
7239	7240	2035	
7242	3751	15193	
6460	18	15985	
7192	18	4475	
6585	6586	8152	
7281	7284	8489	
7289	4405	13158	2295	
6514	18	6170	
6516	18	9200	
6865	2511	12542	
7299	7300	5204	
7303	7305	6410	
7325	18	4706	
6514	18	3259	
7077	7075	11874	
7079	7080	2718	
7334	2337	15851	15230	
7335	7336	12744	15079	
7342	7343	235	
7092	11431	
7347	2511	1305	
6399	18	4952	
7349	7350	11306	
7352	7353	8473	
1623	7355	196	
7359	7360	2478	
7362	7360	14391	
7366	7355	2519	
7357	7366	4118	
5819	5820	15635	
7229	18	857	
6746	6747	12868	
7369	7370	2717	
6953	6954	14018	
7380	7381	14806	
3357	7385	12490	
208	7387	11609	
7020	1179	7803	
7024	7025	3573	
7412	6954	12167	
6235	6236	2334	
7419	7314	1417	
7421	7422	4958	
7424	7425	15068	
3719	7430	5415	
7302	7303	16248	
7303	7305	10449	
7443	7444	7569	
7449	7450	956	
7443	7452	3661	
7454	18	14742	
2079	7456	12306	
7465	7466	2051	
7293	7294	14198	
7296	7297	2593	
7302	7303	13916	
7307	7299	1537	
7473	7474	6234	
3975	3976	5029	14679	
7479	5362	2094	
7481	7482	10348	
3070	6405	16100	7686	
7439	7487	2094	
7489	7490	3702	
7490	7492	3425	
7497	7498	4041	
7018	1179	5379	
7024	7025	14050	
289	7505	6967	
6951	5318	
7507	18	12178	
7511	13719	
18	6569	6950	
6089	6090	1959	
6092	6093	13154	
6097	6098	15539	
6103	6104	4703	
7399	4918	11785	
6594	6595	15268	
6951	1022	
7519	7520	3756	5602	
7524	7525	74	
7527	79	6038	
2608	7532	9487	
7534	4697	15989	
1887	7539	5630	
7395	467	
5143	18	2402	
7237	5523	598	
7239	7240	10409	
6004	4525	8891	
6588	6589	6867	
7551	7552	6295	
6462	6463	9554	
7556	7557	14253	15480	
7559	7560	11957	
6514	18	1279	
6516	18	14066	
7576	1179	1690	
530	7578	7887	
7580	1101	9100	
7582	7583	11548	
7587	238	
7589	18	15822	
7593	758	6861	
18	7591	12497	
7597	7598	9728	
7603	18	5999	
7125	7126	4991	
7589	18	5484	
7589	18	8480	
7543	13332	
6550	6551	14468	
7607	7608	6015	3954	
7589	18	14765	
18	7591	13951	
7593	758	9435	
7589	18	4479	
18	7591	1428	
7543	11014	
7610	7611	12091	5620	
7613	2414	13418	1195	
7617	7618	15215	
18	7623	1987	
7625	18	10313	
7627	7628	6089	
7630	7631	4378	6540	
3383	7635	6245	
7638	7635	4190	
3375	7635	7841	
3381	7635	6970	
7644	7635	7045	
1078	7635	2639	
7651	2745	2436	
7651	3383	11671	
3722	7651	2747	
7661	138	11069	15586	
7664	18	8582	
7370	2197	7011	
7375	7373	10183	
6173	6174	1402	
7327	7328	2860	
1179	7671	8223	
7673	7674	11351	
7682	18	7222	
7500	138	7167	
7502	7503	11089	
7687	4723	9742	5907	
6990	6991	9033	
553	7689	11679	
553	7694	702	
7696	553	9199	
7707	7708	14200	
1179	7710	460	
7712	7713	8737	6562	
7707	7708	975	
7401	7402	8267	
7401	7404	14911	
7720	8658	
7722	13469	
7500	138	12632	
7502	7503	13192	
7725	7726	11724	
7739	7740	10547	
7742	7731	3591	
7726	7748	2022	
7750	7751	5206	
7753	7754	13609	
7296	7297	15347	
7299	7300	3802	
7302	7303	2901	
7307	7299	3317	
7765	7766	7938	
7768	7766	8415	
7251	7252	1306	
7777	7778	10900	
7251	7252	5664	
7780	7781	13668	1492	
7489	7490	5755	
7494	7495	11463	
7259	7262	15630	
7786	7787	325	
6886	553	12185	
7031	7032	3813	
7031	7034	1758	
7789	4123	6465	
7118	624	1354	
7796	2429	9877	
7801	18	3309	
7803	138	11906	
7803	138	6653	
7811	138	7363	
7819	18	6655	
7819	18	9086	
5325	7821	15477	
6877	6878	14130	
4006	6880	16104	
6953	6954	5461	
6956	18	13500	
7827	1101	3202	
7836	7837	9933	
7841	7837	7274	
7837	7843	15734	
7847	7848	12220	
7850	1942	14374	
4675	7852	14367	
7856	18	10798	
7861	300	9965	5400	
7296	7297	9800	
7299	7300	13600	
7302	7303	12053	
7395	3036	
7871	18	8701	
7873	7874	1724	
7502	7503	11249	
7876	2429	3440	
7878	7879	6948	
7673	7674	6133	
7062	7676	3497	
4697	7882	8758	
7884	7885	12269	
6700	6701	8463	
6700	6701	5586	
6700	6701	13998	
1078	7651	7434	
6956	18	12874	
7892	3385	14574	
7892	7232	5092	
7892	7897	3351	
7682	18	6231	
7906	7907	4275	
7780	7781	9853	14902	
7911	7914	9270	
7617	7618	7367	
7858	7859	9811	
7918	7919	3137	8884	
7922	7923	5896	
7925	7926	2566	
7502	7503	15421	
1761	6206	6161	
228	6208	13857	
4405	7286	15650	11890	
7289	4405	14336	15434	
7930	7931	663	10305	
7934	7935	9902	11852	
7614	7615	4170	2951	
7942	7943	9031	6485	
7944	18	10227	
7946	7947	5795	10891	
7950	18	12446	
7952	7953	3795	
4918	7952	2899	
144	7956	3036	
7960	7958	4840	
7962	18	2306	
7964	18	2241	
7966	7965	5900	14069	
7969	7970	12984	
7976	7977	14126	
4331	376	15944	13433	
7986	7987	3	
7998	6329	9430	
7502	7503	16191	
8000	2397	5063	
8008	8009	3460	6673	
2497	8011	968	12668	
8013	806	9132	3274	
8014	1110	8346	
8016	1110	6948	
7237	5523	3666	
7239	7240	32	
7242	3751	7831	
7839	7837	4526	
7841	7837	10517	
7845	7837	9594	
7847	7848	3934	
2497	8011	14418	362	
7887	9479	
2519	2520	12482	
8039	8040	12220	13504	
8047	8048	13035	6208	
8053	8047	13646	8120	
8055	8040	3684	7080	
8061	7293	5298	
7293	8063	8599	
7293	8067	4868	
8069	7293	8234	
8079	8080	15099	
8079	8082	13357	
8079	8084	12369	
8079	8088	14268	
8079	8090	5755	
7892	7232	11843	
7901	18	1513	
8094	8095	3499	
8100	18	3603	
4877	8102	5124	
8104	18	2567	
8106	1926	
8108	8109	1299	10682	
8119	8108	2647	11301	
8108	8123	5627	2233	
8108	8125	14873	956	
8127	8108	1820	14657	
7120	7121	14330	
8136	8137	7587	
8136	8139	8451	
7754	7756	1756	
7754	7758	8595	
376	3028	8765	
1761	6206	14239	
228	6208	190	
6210	65	1325	
8108	8112	6228	8812	
8113	8114	2076	10386	
8119	8108	13969	10083	
8108	8123	14087	5799	
7858	7859	12386	
7565	2440	7918	
8147	13223	
1556	8151	667	
7734	7731	8602	
7744	7731	1323	
7750	7751	14732	
1241	8162	14523	
1241	4984	13615	
7651	2745	6144	
1078	7651	9412	
3722	7651	11737	
3385	7635	7176	
3375	7635	2081	
7635	3377	12209	
1078	7635	379	
3385	7635	6710	
7638	7635	13011	
7642	7635	9396	
2745	7635	10230	
1078	7635	8328	
7649	7635	13421	
8167	8168	8569	
8170	8171	11867	
7152	6093	14819	
8173	8174	13618	15071	
2397	8177	16234	7282	
8180	8181	16152	
8180	8183	1515	
8195	8189	16152	1506	
7946	7947	8984	914	
7946	7947	2764	3291	
8200	8201	1417	
7325	18	12897	
18	8209	3720	
1960	134	9126	
7259	7260	8270	
7259	7262	2185	
7780	7781	14271	11610	
8211	8212	3173	
2717	8221	8446	
7502	7503	7441	
7589	18	14135	
18	7591	3811	
8223	18	6467	
8227	8228	10451	
7892	3385	15294	
7892	3375	12516	
7892	7897	7324	
1478	8023	16162	
8230	18	7631	
8234	8235	7798	
1184	8240	7784	
8240	319	11266	
8245	8240	9538	
8143	8144	12299	
7836	7837	43	
7839	7837	4965	
7841	7837	1316	
7847	7848	13034	
7837	7843	13610	
8254	7837	10222	
7986	7987	1785	
6733	8260	4818	
6733	8260	330	
5325	7821	1268	
8262	8263	13386	
8265	8266	11842	
8268	18	13007	
8270	8271	10920	
8094	8095	8453	
7511	10000	
8275	8276	2589	
8278	8279	13623	
8275	8283	11635	
8290	8291	9532	
8295	8296	1085	
8300	8301	11668	
8303	8300	8641	
8305	772	
4675	7852	9779	
2497	8011	7983	16144	
8013	806	15525	5294	
8013	806	15108	464	
8315	7821	4892	
8317	12397	
7610	7611	971	4358	
7613	2414	10448	14550	
8319	8320	10522	
8322	8323	15114	6042	
8326	8327	4348	
8331	8327	12958	
2167	8333	8334	6866	11976	
8341	8342	4581	
8344	8345	10663	
8352	8353	10151	
8358	8359	5080	
4910	8149	6139	
8361	8362	15596	
18	8364	8198	
8368	8369	15118	
7909	18	1512	
8379	15989	
4200	8381	213	
7397	3440	
8383	15239	
8270	8271	1092	
8385	3262	
8391	8392	11370	9882	
8036	8037	11853	
7858	7859	6478	
5645	5646	7609	1801	
5645	5652	13024	898	
7509	18	11586	
8403	8404	3743	12139	
7559	7560	7129	
7589	18	4612	
7593	758	324	
4020	8232	7267	
8421	2500	411	
8423	18	11610	
8427	7573	8428	687	12925	
2429	8430	14213	
280	8434	323	
8445	1887	2581	
8449	4882	8450	2722	5061	
8008	8009	16123	10946	
7903	7904	4154	
18	7591	5422	
7593	758	9932	
8459	18	5935	
8464	8465	11417	9246	
8472	8473	12307	4448	
1761	6206	6691	
6210	65	11709	
7507	18	1654	
8100	18	647	
8478	8479	13413	
8483	8484	11802	
8486	18	15287	
4331	8488	677	
8492	8493	11867	
8495	8496	10000	
8498	8496	10849	
376	3028	2513	
3013	376	8381	
7397	9338	
4910	8149	12120	
8500	8501	13751	7334	
8504	8505	12320	10015	
4910	8149	1396	
7780	7781	11434	11596	
8511	8512	7829	
8519	8520	13078	
8524	8527	762	
8524	8532	9398	
8534	8524	14693	
8524	8522	15872	
8543	8524	7693	
8524	8546	13742	
8552	8524	4309	
8558	8524	10808	
8524	8362	15306	
8323	8561	7117	11443	
8564	8565	7904	5634	
7152	6093	13969	
18	8572	6931	
8574	8575	10050	
8577	8578	12541	
7607	7608	3118	4943	
7780	7781	6085	9297	
8564	8565	14136	5089	
8580	8581	5945	
3542	8583	9546	
8585	8586	12262	
8588	8589	7997	11097	
8588	8589	2829	6114	
1136	8591	14638	
4697	8595	9881	
7223	8597	14556	
8599	7223	2759	
1195	8604	7964	
3823	8606	9882	16021	
8391	8392	1818	12813	
8609	18	6639	
8615	8612	10976	
7293	7294	9838	
8617	11774	
8617	3175	
8619	8620	6063	
8323	8561	14594	15571	
8629	7595	
8633	8634	2642	8417	
7836	7837	9421	
7841	7837	7277	
7837	7843	5643	
7845	7837	6037	
7850	1942	13692	
8018	3686	5509	
5154	8639	1137	1696	
6355	18	8058	
8640	1149	9016	15147	
8642	8643	8123	
8645	2304	3534	
7667	6491	15382	
8661	8662	3356	
7906	8395	15253	
7986	7987	2344	
8665	8666	5125	
8671	8672	1349	
8674	8675	3746	
8677	8678	15689	
8680	18	13692	
8682	8685	12044	
8689	8692	13653	
8694	8695	12614	
8699	7168	672	
7803	138	9394	
8701	138	9	
7805	138	11767	
7807	934	10376	
7803	138	3819	
8707	8708	7842	15045	
8707	8713	8583	7855	
7946	7947	6713	8057	
7946	7947	2511	8877	
8707	8713	15001	6450	
8725	18	7404	
8252	7837	15171	
7845	7837	11754	
7850	1942	13623	
8254	7837	569	
8258	7837	6029	
7780	7781	4273	8267	
7992	8730	11161	10832	
8732	8733	11396	
4675	7852	6182	
7854	79	14634	
8735	1928	10298	6492	
8737	10063	
8677	8678	2268	
8680	18	13062	
8739	758	8683	
1794	8741	1753	
8747	8748	2229	
8752	18	13246	
1402	8756	6102	
8760	8761	2387	
8771	8767	16160	7842	
8774	18	6791	
8778	8779	2076	
8391	8392	5565	10586	
8790	18	13374	
8792	8793	5550	
8802	8804	5282	
8806	7260	12691	
8828	18	13882	
8034	8830	12235	
8833	8834	5906	
8840	18	3142	
7986	7987	13077	
8407	8408	8938	
4331	8844	9433	
8846	18	6541	
8439	8440	6555	481	
8141	18	14265	
7836	7837	7444	
8727	8728	9489	
7850	1942	8449	
8254	7837	12066	
866	8857	2692	12870	
8425	18	15795	
7858	7859	10314	
8270	8271	331	
8872	8874	11747	
3062	8872	15334	
8877	8872	10538	
8872	8881	6461	
8872	8883	9364	
8885	8872	7671	
8889	8872	9468	
8891	8894	9117	
8896	8897	5384	
7254	7255	5894	
4384	8869	6455	2402	
8899	4384	8900	10494	14161	359	
7416	7417	11907	729	
8906	7837	5670	
8908	7837	300	
8913	8914	5640	
8916	18	8162	
8920	100	11278	
6514	18	14311	
6838	18	1884	
8926	18	9642	
8928	18	11165	
8930	8931	10516	
8899	4384	8900	5727	11354	12747	
635	4384	8869	10580	12288	8762	
8940	8941	11909	16118	
8943	8941	350	2455	
8945	8946	10461	
8948	8949	8950	8909	3169	
8952	8953	8142	
8955	18	163	
8957	862	16213	
8959	8960	3813	
7918	7919	15424	7205	
2519	2520	15673	
3742	8968	3633	
8972	18	3835	
3722	8977	12772	
8986	8987	15625	
8989	8990	10694	
2167	8984	8992	12501	13392	
8999	8997	6640	
8701	138	3393	
7807	934	3917	
7809	6372	2500	
7811	138	9382	
8677	8678	5701	
9003	4401	5140	13505	
9003	9005	10794	11426	
9007	18	11411	
9013	5076	
1195	9023	662	
9025	9026	8362	11026	
8311	2079	1612	
8311	9033	2256	
8311	1157	7949	
9036	9037	10693	1963	
9039	9040	11957	
9047	9048	802	
9050	18	6503	
8432	18	3340	
9059	5331	11058	
8481	18	2953	
9068	9069	7450	
9071	4090	7947	
1341	9073	13516	
9075	9073	7668	
9077	9078	4334	
18	9080	15310	
8416	18	2439	
6918	9084	344	14411	
9090	9091	10647	
9096	9097	7123	
8263	9101	12324	
9110	8914	3699	
9112	8914	7149	
9112	8914	682	
9114	159	2076	
9116	9117	1130	
4340	8758	5190	
1606	9121	3031	
9127	9128	3849	
9136	9137	2415	
9001	18	1648	
9147	9148	5207	
9150	9151	290	
9156	9157	10021	
9164	9160	15973	
9171	9162	14320	
3722	8977	11023	
8979	8977	6247	
9178	9179	10846	
7152	6093	882	
7633	18	14942	
7651	2745	6440	
7651	3383	6676	
3722	7651	2284	
7642	7635	3003	
7644	7635	2385	
7646	7635	189	
1078	7635	3977	
8955	18	7917	
9194	18	10490	
9198	9199	3344	
9205	18	4785	
9211	9212	884	
9214	7038	
9218	758	5113	
7780	7781	8720	7642	
9221	9222	6407	
9231	9232	10531	
9234	18	16110	
9238	5461	
9240	18	13361	
8329	8327	12627	
9248	1051	
9250	9251	12227	
9253	9254	7497	
9256	9257	15205	
9259	9260	16042	4628	
9263	18	12595	
228	6208	3955	
9238	9605	
9266	18	13811	
9268	18	5178	
9009	8941	878	15899	
9274	18	3374	
9278	9279	13006	
8957	862	5253	
8828	18	6741	
4384	8869	15231	14989	
9288	18	4969	
6270	6271	14263	
9290	18	15392	
9292	9293	1744	
9295	3176	4383	
7946	7947	669	2200	
7946	7947	15460	5027	
9303	9304	2679	
9306	9307	7882	
9309	9307	9299	
8920	100	13653	
8303	8300	3478	
8278	8279	2029	
8290	9316	5575	
8295	8296	10068	
8300	8301	10037	
7607	7608	8	9373	
9324	9325	3203	
8432	18	8137	
8848	8849	90	
9332	9333	9864	
9335	9336	10962	
9340	5057	
7589	18	12236	
18	7591	5515	
9348	9349	11442	
9351	9352	15232	
9354	9352	11359	
9356	9357	2678	
9359	9360	6045	
9362	9363	4837	
9368	9360	10680	
9373	4361	10985	
8920	100	15179	
9377	92	
9311	9312	5110	5348	
9382	9383	11391	
9385	9383	12217	
9383	9387	7543	
9383	9394	5029	
9383	9402	2078	
18	9408	1097	
9236	6701	9086	9464	
4200	9410	9523	
9412	18	1526	
8034	8687	13632	
8689	8690	6381	
9416	9417	1026	
8640	1149	11392	10826	
8645	2304	9661	
9419	9420	9421	15607	9384	2441	
9426	9427	1421	
4200	8381	13972	
9429	9430	15297	
9432	9433	15520	
9438	5093	
9440	9441	4618	
9332	9333	10917	
9446	9447	6372	
9451	9452	1630	
9454	9455	4587	
9460	6263	9177	8466	
9462	18	5174	
2717	9476	2569	
9480	9481	11756	
9483	18	3092	
9487	9488	14056	
9490	9491	4932	
9493	9494	3455	
8508	8509	5983	
9502	9503	4853	2183	
8735	1928	16112	6200	
9506	9507	11860	
9512	4384	4056	
9514	9515	15444	
9517	9518	10609	
3742	8968	8824	
9279	9522	1611	
9524	9279	1341	
9526	9279	5456	
9528	9279	14358	
9530	9279	11819	
2511	9532	16176	
6783	9138	
9539	7167	
8657	2429	14022	
8657	2834	2265	
4675	8659	6008	
4384	8869	5118	11866	
8899	4384	8900	1784	2404	1131	
4384	8869	4967	6075	
9545	3290	11257	
8657	2834	10802	
9549	18	3920	
8920	9551	6498	
6977	9553	3373	1752	
9554	919	15226	
9314	8287	10339	
8281	8279	12431	
8279	8285	16016	
8287	8293	16030	
8295	8296	6004	
8296	8298	14124	
8245	9562	13069	
3062	9564	1965	
4256	9569	7778	
9332	9333	5391	
9573	9574	10873	
9377	8671	
9576	5172	6006	
8871	8872	5547	
8879	8872	9975	
9581	8872	10375	
8872	8881	3752	
8872	8887	11174	
8891	8892	9988	
8891	8894	8751	
8896	8897	11535	
9050	18	10185	
9591	18	3925	
9591	18	14704	
9591	18	9966	
9591	18	9826	
9591	18	2676	
8941	9594	2841	12728	
9596	9597	3052	
9599	9600	6088	
9604	9605	12333	
8403	8404	15126	594	
9607	8125	
9614	9610	5836	
9616	9610	15726	
9618	9610	4958	
9622	9623	491	
9272	7364	
8352	8353	7454	
8760	8761	13207	
8478	8479	3970	
9545	3290	11441	
9627	7662	10693	
9629	1226	8789	
9634	9635	2854	
9643	9644	1142	
9646	9647	4627	
9649	9650	9399	
9654	9649	7655	
3014	9658	2359	
8311	2079	15330	
8311	9033	6408	
9662	9663	1977	7061	
9662	9663	15215	12531	
4200	9673	322	
4200	9677	7259	
4206	9686	15796	
4200	9688	6119	
9001	18	8538	
9701	9702	8404	6728	
9377	15198	
1195	2639	4887	
9711	343	11039	5909	
9716	9717	9718	11866	5328	
9599	9600	7123	
1195	9218	302	
9731	18	9765	
9733	18	16012	
18	9739	13545	
9741	18	13744	
9196	18	11233	
9747	5014	11680	
9749	9750	6847	
9752	18	11647	
9752	18	1274	
9754	18	12085	
9377	9003	
9383	9404	14453	
9382	9383	12781	
9385	9383	6327	
9758	9383	4866	
9762	9383	4748	
9390	9392	13549	
9398	9383	12074	
9400	9383	4547	
9774	9383	4049	
9383	9402	2283	
3888	9776	3040	7810	
20	9745	15239	
6401	8374	8375	10271	3830	
9377	9001	
3265	9781	10157	
9345	9346	7631	
9351	9352	8997	
9354	9352	7650	
9332	9333	3193	
7803	138	9031	
7807	934	7906	
7809	6372	10734	
7811	138	14417	
8180	9787	3879	
9791	18	599	
9438	1413	
9799	12689	
8391	8392	10548	16105	
9003	4401	1736	12648	
9003	9005	4207	7736	
7607	7608	13870	15230	
9808	9809	946	
9811	9812	10003	
9377	2364	
9817	9818	6342	16292	
3722	8977	15977	
8979	8977	5695	
8657	2429	13728	
8657	2834	14172	
9825	4433	1700	
8432	18	10160	
20	9745	8662	
8979	8977	15211	
8492	9829	3194	
9831	4877	15504	
9837	138	2598	
9841	9842	6104	
8657	2429	8928	
4675	8659	9156	
9844	9845	16148	
9850	9851	10979	8005	
9861	9862	12882	
9864	3962	2573	9550	
7918	7919	16119	9746	
9866	548	808	
9872	9873	4614	
9875	9876	2413	
9377	7526	
2497	9878	9879	4395	8504	6494	
9880	9881	6503	
9883	9884	9930	
9886	8788	6584	
9888	9889	9074	2419	
9892	9893	1904	
9895	18	1905	
18	9080	14040	
9897	138	7807	
7780	7781	6473	3594	
7152	6093	7973	
9899	4984	1074	
9901	8180	8455	
6197	9833	1544	
9906	18	6968	
8957	862	7510	
9178	9179	4606	
9915	9916	79	13131	1453	
8496	8813	6959	
9278	9279	10808	
9283	9284	2090	
9244	12304	
9246	15065	
6273	18	163	
9214	15976	
9217	9702	
9924	79	10747	7792	
9938	9939	13727	
9941	18	9548	
8657	2429	12147	
8657	2834	7880	
8640	1149	12060	898	
18	7591	13985	
7593	758	11663	
9945	9946	7195	6699	
8034	8830	10180	
8830	4540	11849	
9949	9950	2194	
2945	9952	11843	
1110	9954	1816	
4675	8659	5427	
9359	9360	13474	
9959	9960	15600	
6136	9962	879	12171	
8432	18	4083	
2429	8430	15635	
9963	18	12474	
5404	9965	12320	
5404	9965	6030	
5404	9965	10009	
9970	9971	11767	
9977	9971	3675	
9971	9983	10024	
9985	9971	14634	
5722	9991	14452	
10000	10001	6105	
10003	5070	
9756	6197	3831	
9609	9610	8381	
9620	9610	13965	
10011	10012	2667	
10014	10015	10018	
10017	13777	
10022	9643	10544	
7811	138	14380	
9616	9610	6656	
9618	9610	754	
9620	9610	1041	
9625	9610	4196	
10029	1750	
10031	18	10702	
10034	18	824	
10036	18	6462	
10038	18	7856	
5065	10048	9966	13369	
10050	10051	9876	
9309	9307	6341	
10053	18	1777	
10063	10064	4461	
10066	10067	15107	
10069	10070	9132	
10074	10072	4999	
10076	10077	13923	
10079	2429	15281	
10081	10069	1133	
10083	10061	7095	
10087	9873	1854	
9306	10087	10261	
7780	7781	13997	12340	
10095	10096	14080	
10101	1661	4811	
18	10106	3912	
10110	18	5903	
10114	10115	10116	8212	7895	
10118	6701	1727	
10122	10123	14534	
10125	18	12949	
7152	6093	1959	
8352	8353	501	
8657	2429	4148	
8657	2834	12791	
4675	8659	4449	
8689	8690	10163	
2519	2520	13039	
889	10140	9448	
889	10140	2428	
9440	9441	2835	
10144	10145	413	
10147	10148	842	
10150	10151	15329	
10166	18	664	
10177	10168	7209	
10179	10168	14452	
10181	10168	11134	
10184	10185	4103	
10187	2054	2498	
10192	10190	6185	
1195	10196	1049	
9377	13981	
9604	9605	3941	
10198	10199	6939	
2519	2520	13203	
9694	9695	12767	
9697	2429	6342	
9699	1341	4076	
9604	9605	4188	
10201	18	4686	
10203	18	3466	
10207	1115	18	14702	143	
10216	10217	15958	
7909	18	1828	
8657	2429	14501	
10230	10231	14507	
10236	10242	15678	15250	
10245	10236	11791	1071	
10247	10248	5701	11614	
10258	10259	13175	
9377	3530	
9377	10872	
9379	9380	8565	
9383	9406	15398	
9385	9383	13022	
9383	9760	82	
9383	9387	1718	
9396	9383	697	
9398	9383	2117	
9383	9402	6993	
10029	9456	
10272	10273	11006	
10278	18	14757	
8419	10281	1434	10365	
10283	2667	12193	15494	
2667	10284	2216	6156	
2667	10286	7504	8356	
10291	10292	2964	198	
10300	10297	9380	
9377	12570	
10304	18	6589	
8275	8276	5643	
8275	8283	4269	
8279	8285	6764	
8290	9316	7999	
8287	8288	16162	
8296	8298	1023	
8300	8301	7318	
6224	10306	6810	
9725	9726	6249	
10310	18	14130	
9602	18	16176	
3385	10092	9268	
6632	2519	11157	
10315	10316	14249	9440	
10315	10316	12448	3884	
10323	18	505	
10325	10326	8247	
10328	18	10886	
2717	9476	3292	
10330	5053	4932	
1556	10332	15211	
10341	8004	4266	
10343	10344	1701	
10346	9583	11050	
10348	10354	7063	
9377	8554	
10356	12307	
10358	10359	1852	
7780	7781	1047	15336	
10361	6676	
9841	9842	7294	
3733	10363	1950	
10125	18	10140	
2079	10365	2758	
10367	7520	
10369	18	7158	
10380	282	1856	
10384	10385	11980	
10388	10389	13983	
10391	4877	9459	
10395	18	13314	
2417	10397	6672	2069	
10399	18	4570	
8957	862	10811	
10401	10402	751	
4384	8869	5738	1944	
8899	4384	8900	478	7232	1880	
635	4384	8869	12778	11827	1234	
9959	9960	3807	
8657	2429	3769	
4675	8659	1871	
10416	11374	
10418	144	13468	
9694	9695	7198	
9697	2429	16273	
2167	9338	13149	7752	
7607	7608	3604	4224	
3586	10420	6381	7117	
10421	10422	3634	
10429	10430	688	
4397	10153	13453	
9612	9610	6663	
9614	9610	126	
9616	9610	10593	
9622	9623	5363	
9625	9610	11296	
9573	9574	9045	
934	10433	10265	
5066	10440	9692	
2519	2520	14430	
7194	10447	14248	
1073	10463	4274	
10465	10466	8698	
10465	10468	11370	
9888	9889	11703	2142	
9892	9893	316	
10475	10476	11617	15432	
10487	10489	13781	
10495	10496	10483	
10498	9034	
10517	18	12547	
10519	10520	196	
10312	18	15841	
9858	1928	6567	13462	
9629	1226	7888	
9629	1226	12777	
10532	10533	12975	
10535	5742	7229	
10545	18	14696	
8601	8602	1956	
33	34	35	15041	14761	
10552	10553	5245	
8657	2429	1411	
8657	2834	8684	
9221	9222	638	
8846	18	6570	
10567	10568	7621	12147	
10571	18	3729	
2563	10573	2603	
7502	7503	6951	
10575	141	3003	
3062	9564	14525	
10044	10045	383	12105	
5065	10048	6093	8136	
10585	10586	4888	12867	
10593	18	2182	
10595	10596	5976	
18	10598	7517	
10603	10604	4567	15652	
10609	18	10153	
10611	18	9539	
10617	5357	
2519	2520	14651	
5154	5155	2874	
10628	4248	11359	
3385	10092	12721	
18	10639	12583	
10642	10643	5499	
10653	10654	1579	
4368	10656	2014	
10658	10659	6010	
9897	138	2722	
8141	18	9083	
9578	9579	3626	
2079	10365	262	
10184	10185	10406	
10187	2054	3730	
10166	18	9259	
10674	10672	13585	
10676	10677	15959	
10679	10677	2661	
10683	10677	14894	
10687	10677	12971	
10691	10677	10680	
10691	10677	16095	
10694	10677	8039	
9139	9140	15543	
10297	10298	12159	
10300	10297	14351	
10696	10697	11353	
10429	10430	16150	
10699	10700	3632	
7607	7608	7903	15106	
4200	8381	3550	
10702	10703	15546	
10429	10430	10943	
10705	10706	842	
10711	10712	6021	
10714	10715	1272	
10717	10718	10394	
8657	2834	13819	
4675	8659	9197	
2519	2520	16141	
922	879	14980	
10720	9279	7128	
9281	9279	9756	
9283	9284	6650	
9918	9279	16258	
10722	10306	12346	
10297	10298	5685	
10300	10297	6625	
7780	7781	2833	3035	
7152	6093	5867	
10728	15720	
9872	9873	3525	
9025	9027	14899	16209	
9025	9029	8104	11275	
1195	9023	10732	
9817	9818	3190	101	
10738	3789	
9268	18	15967	
9266	18	309	
10742	10743	13883	
10748	10749	1487	
2291	10751	14927	
4639	10753	4402	
10757	3970	1430	
10761	1179	6369	
7780	7781	9396	16088	
9599	9600	1321	
10779	7251	13032	
10055	10056	7462	
10058	2429	5046	
10060	10061	15304	
10063	10064	3698	
10066	10067	7316	
10069	10070	728	
10074	10072	9722	
10076	10077	8383	
10079	2429	1728	
10083	10061	6119	
9306	10087	10852	
10087	10090	3589	
18	10789	8368	
10791	10792	10063	
8496	8813	9828	
10801	18	1020	
10805	10806	14278	
10808	10810	2758	
10808	10812	9856	
10808	10814	8759	
10808	733	214	
10817	10818	7942	
10820	10814	11573	
10812	10820	1414	
10810	10823	8368	
10823	733	6898	
10828	10823	2854	
10832	10835	9545	
10832	1558	714	
10832	10840	8291	
10842	10833	15301	
10842	1558	12710	
10832	1639	8869	
10850	733	10746	
10519	10520	8413	
10522	10523	11365	
9872	9873	11726	
10424	10425	5332	
10724	10725	9709	12929	
10870	18	2108	
10236	10872	6360	7962	
10873	5714	49	12382	
10452	10453	758	6669	11993	
9721	3342	9722	13207	13063	
4436	10460	10148	11099	5492	
10875	18	12001	
10877	18	8837	
10442	10443	3224	
10881	10882	10118	
10774	10775	15639	
10777	10775	11331	
10889	2620	6457	4370	
10894	6624	
10896	10735	
10898	5750	
10358	10900	4489	
10902	10903	285	
10905	10906	3385	
10908	10760	
10920	10921	6524	
10923	10924	9247	
9001	18	14738	
10927	10928	108	
10930	10931	7424	
10933	10934	8584	
6130	10936	5962	
10940	10941	3215	
6238	10945	4361	
10947	10948	6365	
10947	10955	5097	
10957	10958	13257	
10960	10961	4473	
10947	10966	11545	
10931	9021	4652	
10974	10975	5003	
10977	6130	2176	
10927	10981	6322	
10983	10940	15350	
6238	10991	8696	
6238	10995	1426	
6238	10997	13473	
6238	11003	8394	
10974	11005	6262	
11011	10974	74	
11013	11014	6578	
11018	10964	4193	
11020	6242	14483	
10974	11024	1014	
11051	5802	8455	
11055	11056	8330	
11058	11059	9093	
11061	11062	15159	
11064	11065	9492	
11067	11068	4107	
10517	18	15572	
11070	11071	8627	
11073	11074	8285	
11076	11077	11830	
11079	7131	1011	
20	9745	3241	
9105	18	11881	
10343	10344	6537	
11085	11086	10223	
11088	10326	14023	
10066	11090	9002	
11092	3062	7032	
10144	10145	7277	
11108	530	6908	
11110	11111	12639	
11113	11110	3634	
9153	9154	5657	
11115	11116	6463	
9156	9157	12890	
9160	11118	14749	
9173	9162	6597	
11120	12324	
11122	14191	
11124	4256	4855	
11129	7135	11418	
1241	8162	15615	
1241	4984	11713	
18	11133	134	
10336	11135	13349	
11108	530	16268	
1241	8162	1564	
1241	4984	13202	
11142	18	3606	
11144	11451	
8640	1149	7366	12524	
8642	8643	2539	
7780	7781	6243	13169	
175	11150	12063	
11154	11155	11578	
11157	18	16242	
11159	11160	13473	11989	
11163	11164	11974	
8432	18	11992	
10564	11177	16257	
11148	1336	7367	
9967	9968	3266	
11181	11182	6224	
11187	18	2968	
11189	11190	16209	
11192	202	13267	
9941	18	16266	
10613	18	15212	
11198	11199	13468	
9697	2429	1972	
10181	11201	15341	
3962	11203	5274	14557	
3962	11209	14955	13824	
3962	11210	11881	7187	
11211	3962	6772	7400	
3962	11212	12272	8319	
3962	11216	10010	2702	
11223	11224	8177	
10452	10453	758	9434	4402	
2348	10456	10457	8570	1838	
4436	10460	10148	13700	8762	
11226	11227	4844	
9959	11230	534	
9631	9632	522	
9629	1226	12210	
11232	4020	15598	
4200	9673	13615	
4200	9675	665	
4200	9677	6001	
4206	9682	3286	
11236	11237	3320	
1195	11242	13159	
11244	11245	5074	
11250	1880	2156	
11252	11253	15378	
10258	10259	6005	
11140	10473	5006	
10192	10190	7394	
11258	9476	
11260	11567	
6197	9833	6023	
11273	11274	4832	
889	10140	10327	
889	10140	11608	
11276	18	6871	
18	10607	9004	
10611	18	6420	
11282	11283	12334	
11287	11289	6084	
9866	548	4937	
11291	11292	11819	13036	
11297	11298	13802	
9259	11303	5927	
11305	11306	15267	
11310	6104	
5387	11312	15760	
11314	11315	14609	
11322	1176	6359	
10321	18	9149	
11328	18	12344	
10011	10012	4469	
11332	11333	4215	
10014	10015	11905	
10015	11337	13633	
1319	11339	16170	
11341	11342	5754	
6726	11353	2136	7357	
2519	2520	15650	
8295	8296	6203	
8296	8298	11148	
8303	8300	12720	
8278	8279	14939	
8287	8293	12847	
11360	18	6541	
11365	11366	15565	
11368	11369	14262	
6774	11374	965	
11031	11032	15208	
10442	10443	7503	
9872	9873	269	
11382	11383	14861	
11390	11391	50	
11400	11394	13404	
11402	11394	4554	
11406	11394	13961	
11410	11394	5240	
11423	11394	11471	
11425	11426	14322	
5500	11430	12515	
4498	9472	2889	
11432	11433	14734	
1263	11433	11673	
11438	11439	8411	
11441	11442	7788	
11455	11456	13742	
11458	11459	321	
866	8857	2513	229	
11471	11472	15591	
11474	11475	11957	
9591	18	6780	
9591	18	8473	
9591	18	3185	
9591	18	9245	
9591	18	4383	
11484	11485	14167	
11492	3162	2316	8213	
11494	11495	14095	
11500	5246	
11502	3162	5579	2567	
9542	9543	4995	6865	
11508	11509	6241	
11368	11369	7549	
11511	18	6616	
11515	11516	9881	
11518	11519	5979	
11525	18	12560	
11534	11537	5421	
11539	11540	14858	
11546	11547	1727	
11549	11547	11199	
11554	18	6960	
9817	9818	9357	4096	
11559	11560	5900	
11570	11565	11425	
11572	11565	14304	
11574	11575	0	
175	11578	6071	
4340	11580	1837	
11585	11586	12567	
11591	11588	3053	
11597	9725	13762	
1319	11344	2531	
10147	10148	3903	
11602	9518	
11604	11605	8881	
11607	11608	7491	
11196	18	13048	
11034	7158	14051	
11615	18	833	
10630	10631	12140	
10407	8008	5683	1496	
10742	10743	11515	
10745	10746	1060	
10748	10749	5827	
11617	11618	3151	2299	
11625	11626	10587	14165	
11629	11630	13914	10546	
11633	11634	3480	8374	
11639	11618	1989	9229	
11641	11626	12659	7841	
11643	4723	5866	15062	
1241	11655	11244	
11658	11659	2725	
11658	11659	1898	
11658	11662	7486	
11658	11665	3933	
11667	11672	1127	
11676	11677	1153	
2314	11682	7401	
10781	10782	16262	
10784	10782	5153	
10748	10749	9157	
2291	10751	14308	
11684	11685	9665	
11687	11688	2831	
11690	11688	6478	
11692	11688	7410	
11694	11688	13042	
11688	11699	7984	
11696	11692	6618	
11706	18	13717	
1341	11713	13271	
8136	11715	2780	
11719	9427	12376	
11721	11713	3274	
11713	11723	11821	
9959	11713	3586	
11726	11713	4447	
11730	10298	12881	
11732	11733	12329	
11739	11745	5645	
11747	11739	14681	
11739	8904	9356	
11739	11750	16277	
11754	11739	8407	
11760	11761	6251	13522	
10297	10298	1631	
10300	10297	11408	
11764	11765	3967	
11767	11768	1696	
11770	11771	13976	
9542	11775	13066	12345	
1061	11777	8074	15785	
9542	11775	8099	6689	
1241	8162	15889	
1241	4984	12995	
1241	4984	13159	
1889	11780	15769	
11793	11794	10156	9212	
11797	1101	3699	
11801	11802	4243	
11810	4650	5728	2209	
4650	11814	2071	558	
11806	11816	16216	5366	
11821	11236	1144	
11823	11824	4036	
9935	9936	1526	
9752	18	1013	
9123	9124	252	11649	
11833	11834	2943	
11455	11456	14283	
11458	11459	12522	
11840	11841	7327	7324	
10287	10288	9951	15632	
8419	10281	12622	4659	
2337	10282	12503	10606	
10285	8419	11635	12880	
2667	10286	3020	4147	
11764	11765	12608	
6733	858	14398	13262	
11847	18	15231	
11159	11160	3135	14249	
4634	8939	
9427	11849	11082	
9427	11853	122	
7885	11858	9416	
11860	11861	8135	
11865	11860	9710	
11867	11860	9902	
11869	11860	2851	
10135	18	938	
18	11278	8920	
10478	10479	337	1076	
10000	10001	15268	
10000	10001	4212	
10003	1624	
10003	10258	
11880	11881	11203	
11880	11881	11323	
11885	11886	2068	
11888	11889	12241	
11894	11881	2467	
10522	10523	7762	
10525	10526	1895	
10530	10523	4414	
8657	2429	636	
11896	11897	15429	4416	
11899	11900	469	4808	
11908	11906	6763	
11910	11911	7407	
10429	10430	7506	
11163	11164	3969	
11163	11164	4172	
376	11919	8584	
11921	11922	15512	
11924	11925	9017	
11360	18	1313	
10613	18	2166	
10615	18	912	
9627	7662	54	
11931	11932	2512	
9629	1226	8751	
11934	11935	2998	
11937	11938	10808	
10817	11940	1902	
11942	11940	15184	
11952	18	11901	
11317	11318	4864	
10421	10422	6339	
10891	10892	9847	
11958	15225	
9831	4877	13088	
11975	18	4254	
11982	11983	1390	
11993	11980	7547	
11997	377	13593	
3013	12004	4570	
8601	8602	15554	
4331	12008	5543	
12012	12013	13500	14755	
11615	18	9861	
11615	18	14867	
12018	3563	
12020	12021	5572	
10817	10818	8257	
12023	8472	4697	11691	
4657	12035	5891	
12037	12038	11104	
10523	12043	1880	
12048	12049	2021	
12061	12062	5785	
11557	12064	11729	
12066	12067	7465	
12069	11557	9372	
12071	12072	10522	
12074	12075	5857	
5184	18	15683	
12083	18	6262	
12085	18	8588	
12093	12094	15078	
12096	12097	5077	
8492	12099	14637	
12104	12105	2676	
12110	12111	14751	
1073	10463	14667	
12115	12116	378	
12121	12119	9700	
12123	12124	8687	
12126	12123	5049	
12128	12129	3112	
12126	12131	13345	
12129	12133	9658	
12135	18	3795	
12137	18	14019	
12139	18	9354	
4634	7218	
12143	1483	
12155	12156	8358	
12158	12156	9036	
12160	12156	446	
12162	12156	835	
8270	12164	15365	
8760	8761	6145	
10007	3805	
11088	10326	2934	
18	10142	3962	
12168	12169	10397	
12172	12173	1058	
11965	12175	4371	12319	
12178	18	13891	
2519	2520	7301	
12188	12186	11104	
12190	12186	1730	
12186	12196	7416	
12186	12198	4147	
12186	12200	994	
12186	12204	13404	
12206	12186	10383	
12208	12186	5739	
12210	12211	5114	
12216	18	8536	
9377	6123	
11717	7787	3527	
11719	9427	1021	
11721	11713	12560	
9959	11713	6657	
11726	11713	10607	
11730	10298	2815	
1472	12223	6395	
12228	11802	10067	
10859	10860	8644	
12168	12169	6756	
12172	12173	1441	
11965	12175	2866	7099	
12234	6456	15573	
10757	3970	8591	
12236	2429	12148	
12238	18	9647	
12240	12241	1861	2938	
12244	12245	13619	7825	
12248	12249	15284	
12238	18	2686	
12107	12108	585	
12256	12257	7849	
12259	12260	4870	
12265	12266	13978	
12271	18	4025	
1582	12273	3539	
11092	3062	1907	
12275	4174	
12275	5012	
12277	12278	4897	
4115	4984	5716	
12074	12282	7251	
11031	11032	3041	
11036	11037	12503	
18	12286	3314	
11368	11369	2918	
376	11919	7318	
6499	12296	1446	11614	
11505	11506	4457	
11684	11685	3485	
12297	12298	8717	11948	
12297	12298	14260	4120	
9063	11446	12975	
4206	2639	11860	
12301	11728	14854	
11613	12308	5780	
12323	12324	14189	14478	
10873	5714	241	11560	
12083	18	15522	
12087	18	10689	
12332	12333	6204	
11192	202	2272	
12338	12339	7529	
3939	11146	4166	
18	12341	1135	
12345	4478	
11927	5858	
11927	2151	
11927	16194	
11927	7796	
18	12347	13997	
12349	12350	13444	
12352	12353	3879	
12352	12355	3467	
12357	12358	66	
9162	9150	16074	
11110	11111	4441	
11113	11110	2255	
9159	9160	10517	
9164	9160	14588	
9173	9162	2779	
10564	12362	6796	
1115	12364	6	
12366	67	2730	
10722	10306	4389	
10623	10624	13055	
12375	18	11001	
12379	18	12199	
12381	18	4257	
12385	12386	8341	3352	
12388	12385	14291	2714	
1061	12390	9539	11231	
10918	12394	770	
1341	11713	13577	
11717	7787	15474	
11713	11723	15992	
11732	11733	4573	
10268	4020	329	
10273	8911	5941	
10328	18	12447	
10321	18	5173	
2429	8430	12801	
11163	11164	4408	
12319	11997	
12418	12419	8759	
12423	879	2987	
12425	919	9726	
12427	12428	65	
11184	11185	6398	
11396	11394	5978	
11408	11394	2380	
11410	11394	3130	
11414	11394	10920	
11421	11419	13661	
11423	11394	1681	
11425	11426	9647	
7409	12440	3744	
11159	11160	14426	5280	
12442	12443	13813	
11754	12445	1276	
12452	12453	8560	
12054	12055	1994	9981	
10879	18	11012	
3939	11146	5754	
12465	12466	4862	2775	
11806	12471	6124	3277	
12473	7537	8744	819	
12475	12476	3810	13763	
12483	12481	9985	
11159	11160	16096	11013	
12485	3872	3227	
12491	12492	511	
8824	8825	5677	13580	
12498	18	4767	
12502	7877	
12504	12505	5796	
12509	12510	5297	
12504	12517	3591	
12521	12522	14565	
12524	18	545	
11368	11369	12994	
12054	12055	14482	14726	
4951	12539	2844	
12096	12097	14527	
2311	12551	11514	
12553	12551	11784	
12556	12551	10281	
12558	12559	962	
12558	12561	690	
12558	12565	14640	
4540	12567	5001	
12576	12574	12435	
12578	12574	8927	
5710	12582	13086	
12578	12582	12778	
12592	12593	13624	4112	
627	10868	7884	
12601	18	1182	
20	9745	7052	
3722	12306	9515	
12077	12078	12985	7074	
12608	2429	7780	
12608	2054	16035	
11362	11363	4907	
12616	6197	10076	
12228	11802	8678	
4796	12621	2058	
2519	2520	4298	
11371	11372	2046	
10603	10604	4738	10457	
11236	11237	3671	
12633	18	7333	
12635	12636	10148	3976	12104	
11360	18	9097	
12641	18	12899	
12643	18	14884	
12647	12648	7082	
12653	12654	12559	
12659	12660	217	
12662	18	4661	
5500	10796	5	
5500	10796	14291	
9047	9048	9778	
2519	2520	6567	
12681	12682	15983	13818	
8180	8183	10282	
12690	12691	4687	
12693	2479	
12697	1138	
12293	12294	11278	
12705	12706	15260	
12110	12111	1012	
12715	11453	15471	
12726	12730	1086	13051	
12732	12726	12972	1414	
12733	12734	11523	
12739	12740	15867	
12742	12743	1135	
727	12745	6583	
12745	12751	15331	
12745	12757	8890	
12745	12761	12528	
12765	12766	13532	
10287	10288	13890	11814	
2667	10277	7867	15884	
10278	18	12524	
10280	8419	15486	14901	
2337	10282	12160	16250	
10283	2667	3946	2755	
2667	10284	96	2979	
10285	8419	9379	11179	
2667	10286	15876	1474	
391	9574	1078	
12768	9424	838	
391	9424	7005	
391	12771	12302	
10913	10914	10336	
11196	18	15067	
10881	10882	7924	
10884	10885	4948	
12778	18	3804	
12780	15100	
8180	8181	2594	
12785	18	16122	
12442	12443	13222	
12447	12448	9539	
12787	12788	10421	
18	12791	6471	
1341	11713	14880	
9959	11713	12952	
11726	11713	5622	
11728	11713	3813	
11730	10298	4228	
12802	12796	13392	8903	
12795	12796	5200	13258	
12809	12810	1009	4731	
12813	18	11692	
10779	7251	1190	
12818	12816	3228	
1241	12820	4096	
12825	18	13021	
12830	12831	2018	
12833	12834	9634	9685	
9872	9873	400	
12835	12836	15384	4459	
11593	4090	11803	
11597	9725	12137	
1552	11599	4	
286	11599	7682	
6660	12841	4017	7960	
10505	12842	261	
12844	12845	689	
12847	12848	15698	
12850	12851	11806	
12855	9011	7787	16165	
12855	9011	2477	7252	
12855	9011	8375	14838	
12865	4329	8019	
12871	5165	
12875	12876	1078	5217	
11181	11182	9371	
4984	12878	4602	
12893	12894	6709	
12896	18	2860	
12898	12899	11051	
12903	12904	1594	4692	
11855	11856	4048	
18	10789	15938	
2497	12906	68	13888	
12037	12038	14615	
12909	492	
11883	11881	6283	
4639	10753	869	
12918	12919	11589	
12924	12925	280	12203	
12931	802	3334	2719	
12933	12934	5153	13578	
12938	12941	12476	2755	
12955	12956	15583	
9817	9818	16088	2216	
12491	12492	3834	
12958	12959	15589	
12961	12962	11103	
12335	3062	7327	
3505	12968	9494	9078	
12066	12067	10281	
12069	11557	15206	
12071	12072	5483	
12993	12994	11559	
155	12996	11990	
12998	12999	8093	
11706	18	2390	
3962	11203	10607	2129	
3962	11212	7651	5946	
3962	11216	3343	14731	
13005	11214	6014	16125	
3962	13007	10734	1421	
3939	11146	11921	
13011	13012	11477	
13014	13015	7767	
13017	13018	6920	
12058	12059	4269	
11557	12064	11334	
12066	12067	9939	
12069	11557	6781	
13032	8114	11279	13270	
13035	18	8674	
13046	18	13558	
13020	13021	13022	7470	14713	
13048	8116	
13050	3223	11066	
10603	10604	2307	3689	
10623	10624	7460	
3962	11203	3254	16200	
3962	11209	15027	3023	
11213	11214	6869	14338	
11218	11219	11220	2239	4747	3107	
13054	4877	12473	
13058	10934	
12126	12131	9477	
12129	12133	13075	
13060	530	2011	
13062	18	12583	
13064	18	15944	
13073	13074	10849	
13076	13077	14378	
13079	5580	9108	
4675	8659	12966	
13087	13088	7233	
13093	13094	10417	
11942	11940	4305	
12491	12492	11419	
13107	13105	4846	
530	13109	7842	
13116	13117	10360	
13119	13120	6674	
13125	13126	15884	
13131	11973	
13133	18	5275	
13137	8960	9194	
11658	13144	7656	
13149	13150	15519	
12928	12929	10190	2935	
13152	18	7511	
13154	11221	
13161	3383	3181	
13025	13026	6665	
4243	13139	3944	
13165	13166	4080	
10515	13168	5664	
13172	8136	16088	
12673	12674	8467	
7378	13174	15309	
13179	13183	4269	
13196	18	10811	
13198	18	13831	
13200	13201	7388	
391	13203	9351	
13206	13207	12728	1085	
6327	18	3181	
4206	2639	10102	
1556	13212	5301	
1556	13212	11373	
13214	18	15509	
2079	13216	4550	
13229	4918	11530	
11754	12445	15924	
13231	13232	2722	13100	
13236	561	6254	1434	
13237	4159	15887	11642	
13238	13239	709	15018	
13236	13244	112	14377	
13250	4405	14891	1893	
13251	13252	4778	
13257	4393	
13259	18	1096	
13261	18	8555	
9185	18	11202	
12332	12333	11960	
13265	11583	14855	
3062	13267	377	
5230	13269	4672	2592	
13272	13273	5147	
11684	11685	6854	
11833	11834	5141	
13272	13273	14666	
11658	13144	1218	
11684	11685	12303	
13275	13276	11673	
13283	18	5135	
11365	11366	13331	
13293	13290	9035	
13295	13290	7984	
13297	13290	8586	
13301	13290	9521	
13303	13290	16081	
13290	13305	13820	
13290	13307	13013	
13309	13310	561	
13312	4200	6903	
13316	13317	6962	
10757	3970	1253	
13322	6701	7653	
13324	13325	10242	
232	13263	14115	
18	13331	7949	
10336	13333	11999	
13335	13336	11355	
1061	13338	5990	11148	
6660	13345	15477	13002	
6660	13347	13331	2905	
6660	13351	11544	8768	
11458	11459	5643	
13363	13364	11427	
13025	13026	11769	
11754	12445	11320	
13393	13394	434	3916	
13397	13398	2093	
13400	13398	2239	
9629	1226	13497	
13409	3647	
13411	13412	203	
10835	13418	12162	
9959	13422	12168	
4253	13424	8422	
13113	13114	12987	
13116	13117	8440	
13119	13120	379	
12965	12966	11466	
11804	18	3633	
13440	13441	12938	
6185	8639	1879	
11840	11841	9381	2049	
13444	14944	
13446	13447	11547	
10879	18	2094	
8136	13416	7200	
4253	13424	7797	
12977	9133	
13449	13450	6273	7610	
13453	18	5106	
13455	13456	784	
13463	13464	12258	
13466	13467	11216	
13469	13470	5241	
13472	13473	12123	
13475	13473	12861	
9009	13477	4939	8859	
13479	13480	14157	
13482	7508	13369	15896	
13487	1037	11912	
13492	13493	4368	
13504	13505	11911	
13275	13276	9531	
10603	10604	13686	11071	
2519	2520	14737	
12110	12111	11316	
4090	13516	12110	
13270	3962	14092	12326	
4815	13518	1461	
2417	13520	2921	12094	
12654	13521	11543	
13523	13524	15138	15390	
10585	10586	12387	11266	
13527	9427	7982	
13529	13530	2429	
13532	13533	4936	
13535	13536	10562	
13538	9704	9672	
13540	13541	1604	
10891	10892	5275	
175	11578	10259	
11585	11586	9460	
13552	4984	
9063	11446	8059	
11448	7503	4377	
13568	13564	234	
13564	13570	3901	
13574	13564	15755	
13564	13579	3030	
13576	13581	7218	
13585	13586	4186	
13588	13589	1791	6274	
2519	2520	11210	
2519	2520	9373	
13594	13595	11504	
13597	5662	
4020	13599	7672	
12548	12549	6870	
10603	10604	2660	1554	
13604	13605	14936	
13616	6701	7292	
11159	11160	6763	14422	
13626	13627	16139	
12392	18	16070	
11163	11164	12937	
13563	13564	2212	
13564	13566	7600	
13568	13564	11858	
13576	13581	8644	
13585	13586	3415	
155	13641	10469	
13650	18	330	
13655	7022	
13657	15475	
13659	13660	15189	
12415	12416	5356	
13609	13610	2332	
13668	13669	5367	
18	11799	9142	
13676	13674	13859	
13678	13679	15567	
11896	11897	11547	5150	
13684	2976	11885	
11921	11922	13801	
9427	13688	2440	
13690	1101	11952	
11778	6125	
13702	13703	12547	
13707	13710	6041	
13712	18	8193	
13714	13715	4456	
4331	13719	1880	
13721	4026	8176	
13723	1341	8649	
13723	11728	4120	
13729	13730	7309	
13732	13733	6451	
13738	13739	8759	
4253	13424	4930	
13745	11519	547	
13747	13748	2615	
13750	13747	1099	
13752	12850	4158	
18	12341	12139	
10429	10430	11341	
5500	10796	1938	
13762	8496	3984	
13484	13485	3396	
18	13764	13288	
4918	13766	5106	
13768	13769	5407	
13775	8496	13359	
13777	3162	4529	8766	
13787	8114	11374	4184	
13789	33	8591	8100	
13791	3162	11517	15567	
1061	13789	3168	10518	
13796	13794	4707	
11368	11369	15400	
13798	13799	3785	13879	
10873	5714	13216	5756	
13807	1179	481	
3906	13811	1782	
12152	12153	9742	
13815	13813	4611	
12096	12097	3691	
13820	13821	12813	
13826	13823	11780	
13823	13828	7115	
13830	13831	3873	
13835	13836	15911	3790	
12690	12691	55	
4331	13719	5845	
13846	13849	14239	
13858	13852	11408	
13860	13842	480	
13862	13858	12327	
13869	18	7499	
1968	13871	6501	13119	
8034	13875	7978	
13025	13026	3411	
11140	10473	15979	
12248	12249	8551	
12251	12252	13332	
13880	13881	15139	
11965	12175	13401	7358	
13884	18	12195	
10628	4248	84	
10630	10631	10647	
10007	10668	
12442	12443	8225	
11754	12445	3039	
2519	2520	12037	
13891	13892	3591	4331	
13523	13896	13393	9585	
13523	13897	13119	2572	
202	13899	13832	
4042	13906	3278	
13910	13911	15312	
13913	70	7928	
7342	13915	3530	
13917	13918	10667	
13901	13911	5171	
13930	13931	4258	
13933	1246	15280	
13939	1246	2145	
13951	13931	231	
13956	13917	14738	
11148	1336	6828	
9967	9968	13547	
13591	13592	5422	790	
2519	2520	11887	
13962	3571	
13964	4918	8531	
13255	720	8516	
13966	11618	15649	9821	
13968	18	11611	
10194	18	10532	
13966	11620	13582	9175	
13966	11618	10970	15549	
13978	13979	2156	
13498	13499	1566	14749	
2519	2520	7311	
8957	862	7357	
10156	10157	12723	
13985	18	12746	
1958	13992	4634	
13994	18	12931	
9009	13996	1794	9892	
12375	18	2802	
9781	14000	15105	
12020	12021	4986	
14002	14003	5290	
14005	14006	9784	
14005	14008	554	
14005	14010	10807	
14005	12565	7514	
14005	14013	8099	
14005	14016	15515	
14019	14005	10130	
14003	14006	16152	
14019	14003	2455	
12563	14003	11675	
14029	14003	4461	
14034	18	1777	
11896	11897	11997	6421	
12010	11633	12712	3750	
14039	14040	15533	
13702	14039	9313	
18	14043	14342	
14048	14049	14896	
14051	14052	13291	
14056	14057	2196	
8643	14059	11051	
12259	13081	4038	
14063	3655	2331	
14065	14066	5930	
10564	11177	1398	
14068	14069	12300	
8180	8183	1647	
12979	5241	
8180	8183	9908	
12898	12899	360	
11658	14081	8541	
12183	18	9475	
12379	18	4823	
8136	13416	6821	
11593	4090	10871	
14092	14093	9771	
414	14099	11923	
11793	11794	4589	3393	
11793	11794	165	9238	
11793	11794	8055	6495	
13543	13544	1474	
884	14104	10100	
14106	14107	14171	2080	
14107	14112	7129	4368	
14114	14115	2644	
14119	14120	8708	
14132	14128	8484	
1061	14134	6825	11465	
11831	18	4718	
14139	4628	470	
14144	14145	9568	
14159	14167	8148	
14157	14171	189	
14173	14174	4887	
14144	14183	4903	
14186	14182	10125	
14191	14147	6062	
14188	14195	12791	
14188	14199	13787	
14176	14177	1651	
14203	14204	970	7999	
232	13263	15874	
14210	14211	11984	
4206	14213	14231	
14217	14930	
14219	18	13177	
12875	12876	7019	6629	
14230	4660	9152	
14242	14243	4639	15024	
14246	14247	9068	
14252	14253	4158	15750	
12659	12660	13559	
12500	256	8041	
12502	10219	
14259	14260	9529	
10336	13420	4066	
4253	13424	8728	
10916	10816	
18	13329	8621	
11855	11856	6956	
12256	12257	14275	
12465	12466	7882	1296	
12885	4660	10597	
14262	14263	1535	
14265	14266	10653	
14268	14262	3402	
14262	14270	14862	
14263	14274	8488	
14276	14263	11126	
12893	12894	5903	
12238	18	13069	
14278	14279	454	
14281	14282	9247	
14284	14285	4260	
14291	18	13696	
14293	12486	
14295	456	
14297	4140	
14299	14300	5474	
2406	14306	4249	
14308	14306	7792	
14310	14306	13099	
8036	11380	8185	
8462	14317	14318	5760	10528	14128	9232	11069	
12375	18	4147	
14325	14326	1676	
14329	14326	4805	
14326	14333	6877	
14335	14326	3715	
14344	14345	2433	
12423	879	13753	
12425	919	2523	
1451	14347	8350	
13841	13842	8111	
13846	13847	6185	
13851	13852	6823	
13860	13842	11765	
13862	13858	3754	
14312	9959	7289	
9009	14314	5156	4449	
14354	843	12072	
14362	18	15463	
11794	11796	16273	4980	
14366	14367	16113	6046	
14370	14371	13865	882	
14374	14375	2536	
14377	14378	13763	
14380	14378	11802	
14382	14383	4626	
14391	2577	226	3311	
14393	14394	8965	2537	
14393	14396	706	4978	
14393	9026	8188	0	
9027	14393	8765	3275	
14217	2657	
14219	18	14129	
14404	14405	7215	
12096	12097	13902	
14407	13211	
12153	6628	3059	
14413	18	5063	
4984	12878	2774	
10873	5714	13856	2602	
11793	11794	7428	5243	
11793	11794	7957	9502	
14420	14421	6730	
14426	11827	11495	
12873	6496	14958	627	
14432	14433	6324	10233	
12415	12416	7794	
13070	13071	7941	
14437	11733	4825	
14439	4200	6858	
2417	14441	2133	5980	
14448	14449	989	
14456	14457	5582	
14459	14460	5204	
14462	14460	8018	
14464	14465	3126	
14464	14471	13963	
14079	10185	
14484	14485	5526	
13981	7168	7395	
13981	13983	7684	
14487	18	15113	
14490	14491	5466	
14494	18	2376	
13257	12977	
14498	14499	3450	
14501	3466	7271	
18	14505	9761	
14510	14511	14176	
11921	11922	8623	
14527	12674	8953	
14529	13546	5896	
14536	14537	489	
14539	14540	12954	
13025	13026	13910	
8004	14548	6167	
11831	18	13569	
14550	14551	16265	9093	
14554	14555	13463	12687	
14567	14568	7771	
13154	2159	
14572	4854	3318	
14574	4630	2567	
1241	4984	8132	
14578	1224	7821	
14584	14581	15391	
14581	14588	13400	
14590	14581	308	
14581	14595	14461	
14581	14598	11740	
6502	14581	744	
14605	14581	8489	
14607	14581	13234	
14613	14581	15837	
14128	14581	4075	
6856	14581	16135	
14295	7726	
14630	14631	2000	12184	
12078	14636	9344	8482	
4368	9226	13360	
14639	14640	6893	
14642	14643	16033	12451	
14646	14647	9144	
13200	13201	5147	
14649	18	1374	
14398	14399	6016	
13655	3183	
2667	10277	1159	6912	
10278	18	10781	
8419	10281	13949	11890	
2337	10282	3251	5423	
10283	2667	2904	2562	
2667	10284	3683	4030	
12297	14657	10623	9983	
14658	8159	
12349	12350	4267	
12352	12355	11062	
12357	12358	871	
4951	12539	5296	
13594	13595	15456	
14578	1224	2676	
13285	18	5691	
14663	14664	5281	
13549	13550	1873	
14673	14674	10317	
10873	5714	7648	2500	
13107	13105	2641	
530	13111	2577	
13466	13467	4498	
14677	14678	15912	
12368	12369	8113	
14685	14686	7563	
8245	12710	2102	
14696	18	6572	
11469	14700	11143	
14702	2243	10219	
12491	12492	14030	
14712	1997	
14714	12158	
14716	14565	
14721	14722	4216	
13721	4026	3792	
12623	12624	3906	
14704	18	10248	
2311	14728	13141	
14730	1184	16241	
14732	18	3955	
14734	14735	11615	
9464	14737	15210	
14741	4820	13670	
13981	13983	5487	
14748	18	14533	
14752	14753	16087	
14757	14752	13600	
14761	14762	15829	3324	
14772	14773	10713	
14778	14779	761	14577	
18	14787	14182	
3939	3800	4123	
14793	14794	6100	
14796	16236	
13591	13592	3035	8653	
4331	14798	8360	
12447	12448	4216	
14807	14810	12027	
14822	14823	11877	
14827	18	6940	
14829	14830	6323	
14834	18	11468	
14836	1215	6743	
14843	14844	13760	
11921	11922	5532	
9185	18	5445	
14849	138	7137	
12023	8703	12174	359	
14859	14860	6975	
13032	8114	14813	9579	
14864	14865	10034	
12541	2976	3350	
14854	14877	3491	
14881	18	10035	
14854	14883	5312	
5617	8408	12697	
12459	12460	1247	
14892	14893	13634	
14908	14905	7583	
14898	14910	5220	
14920	14913	16282	
14897	14922	12378	
14925	14926	42	
14905	14928	15203	
13830	13831	3462	
14934	14935	16053	5187	
14934	14935	9321	6873	
3922	14935	6237	3686	
14939	14940	7284	1116	
14939	4401	9623	6661	
14939	14943	8914	13329	
14939	14945	5930	9401	
14939	8949	5578	6722	
2999	14955	7810	
10515	14957	11036	
14964	11562	11985	
14966	14960	8573	
14568	14968	510	
14970	14971	8554	
14973	11562	4508	
13093	14975	11650	
14977	14978	7396	
14980	14981	1963	
12955	12956	15399	
14985	14986	4509	
14985	14992	818	
14986	14994	3050	
14996	18	4914	
12221	5586	
9959	12599	4718	
4243	13139	13085	
15009	14838	13345	
15013	11948	
15015	15016	5485	
1472	15018	16250	
15020	18	2782	
13025	13026	496	
14326	9873	9003	
10336	14326	6670	
14338	13336	8076	
14340	14338	8301	
14342	14338	4405	
14344	14345	10343	
15037	15038	10720	
15040	15038	13136	
15042	289	11828	
8034	15044	2463	
15050	18	14354	
15052	18	14517	
15054	18	4698	
15058	18	3092	
15064	18	538	
15066	18	2870	
13183	2511	2683	
12415	12416	7925	
2519	2520	787	
15071	15072	3306	
15078	15074	4296	14136	
6660	15082	7783	8209	
15092	15093	8256	
571	13973	2975	
571	13973	2760	
15098	18	2403	
18	15100	15390	
15102	18	3233	
11159	11160	16199	2452	
15112	18	12464	
18	15116	9249	
15118	18	2299	
10528	10523	9775	
10530	10523	2595	
15120	15121	6672	
15123	5035	
13756	13757	3531	
11163	11164	8881	
15125	15126	9425	
11793	11794	9118	11982	
10603	10604	14376	15420	
15134	10298	11060	
15139	15140	4755	
13807	1179	2773	
15142	11560	11363	
14564	14565	12	
14567	14568	1593	
15144	6092	
15144	1923	
15152	4090	15065	
15156	1341	5092	
15159	14110	13534	12748	
18	15161	6485	
15163	18	2931	
15165	15166	9604	
15168	15169	15893	
1978	18	3502	
1978	18	10654	
15173	1110	5485	
15181	18	12567	
12654	15183	3479	
10236	10872	6020	1382	
11365	11366	10762	
11365	11366	3775	
14312	9959	15732	
9009	14314	2696	3796	
12335	3062	9637	
14682	14683	3333	
11855	11856	4474	
15196	15197	12348	
15208	15209	299	
12462	12463	1328	
9185	18	8071	
14407	2659	
14063	3655	3739	
13025	13026	941	
18	15218	2003	
13966	11618	1679	8687	
14076	14077	6154	
15220	18	8632	
15222	9111	
399	15224	11547	
18	15226	4991	
15228	18	8908	
18	15236	8410	
14802	15240	10237	
14805	18	2891	
15242	15243	4337	7703	
15248	15249	765	
15257	18	16282	
15259	18	11601	
15263	18	12455	
15267	15268	5250	2644	
8820	8821	6988	2432	
8824	8825	16179	15206	
15273	2352	12464	15909	
15275	15276	11424	
3265	9781	2959	
15281	15282	8066	
15284	15285	12345	
15287	15288	3742	
15292	13504	628	
13966	11618	11255	1271	
7112	15296	8259	
15298	15299	14018	2569	
3265	9781	9547	
15238	18	11510	
13504	14871	8879	
15306	15307	9246	
15312	15313	13373	
15315	15316	5398	
15318	15316	4565	
15324	18	15184	
12912	2163	12572	
15326	15327	13519	12194	
15332	15333	14300	
4206	15335	10573	
4206	15337	211	
13025	13026	15358	
1301	15339	8468	
15341	548	5552	
3062	13267	10546	
18	14812	6211	
15356	15357	10966	3844	
15356	6553	10567	10380	
15356	15358	10732	4075	
14939	14940	1450	15849	
14939	8949	5602	14887	
14939	14948	4169	5542	
14939	14949	5306	6214	
14939	14951	4981	13364	
15365	18	7797	
15367	15368	11516	
2519	2520	2823	
8931	15373	859	3396	
15381	15382	123	11063	
15389	13965	
5043	12699	814	
18	14787	4929	
15396	15397	5000	
15399	11608	9690	
15098	18	4299	
18	15100	7034	
15102	18	7623	
15104	18	14408	
15403	15404	4501	
15409	15410	3662	
15412	15413	13752	
15418	15415	9895	
15420	15415	10278	
15426	15415	2276	
15415	15428	8571	
15415	15432	9949	
15426	15434	11144	
15415	15443	15776	
15415	15447	2574	
15415	15451	6799	
15415	15453	3078	
15415	15469	10353	
15415	15471	12984	
15415	15473	4652	
15475	15415	2286	
15477	15415	11855	
15415	15479	1437	
1061	15489	808	15070	
15500	15501	12098	
15503	1110	7165	
15508	15509	11017	
33	13783	542	4403	
13785	3162	14723	7767	
13785	2417	12635	7070	
13787	8114	11549	400	
2417	13791	11274	3780	
13989	13990	2974	
1958	13992	5664	
15526	15527	4849	7863	
5043	15529	13101	
11629	13234	5279	11935	
11629	13231	9340	4950	
13238	4401	2081	13024	
13246	13247	13340	1527	
13247	13248	1432	9449	
13250	4405	8272	4428	
15533	15534	4370	2890	
15533	15534	2159	13721	
15533	15534	13342	520	
15533	15534	2280	13837	
15306	15540	9999	
4331	15546	14824	
2519	2520	14064	
563	15548	3872	6558	
15550	8088	
15554	9545	
15556	7996	6578	
14415	14416	11031	
14415	14418	6036	
14420	14421	2736	
14423	14424	2762	
14426	11827	6827	
12023	8472	220	12861	
13183	2511	15064	
18	14505	3875	
12541	2976	7304	
15558	9643	15556	
15558	15560	8650	
3481	11519	9818	
13633	13634	406	11793	
18	14385	7637	
15569	15570	6230	
13826	13823	14702	
15577	18	11130	
15579	15580	16225	
286	11599	13520	
15586	2588	9150	
2588	15588	13674	
15590	2588	1036	
2588	15596	8162	
15598	15599	6059	
2588	15607	12434	
15609	15610	401	
13210	18	5225	
14704	18	13404	
15612	18	15001	
14895	2972	2905	
13025	13026	16064	
15614	15615	1306	
15617	15618	6798	
15620	15621	11083	
15623	15624	14860	
232	13263	6327	
14092	14093	8127	
14097	5555	2080	
14097	5555	5275	
3265	9781	1562	
15632	18	2586	
406	15640	3925	
12627	12628	14786	35	
14822	14823	6051	
14822	14825	1025	
15649	18	6365	
15651	18	285	
15653	3983	
13025	13026	11333	
14704	18	3632	
15655	15656	14842	16035	
15655	15656	10354	3356	
15662	18	13811	
12635	12636	10148	6453	6503	
15664	18	12142	
8799	15666	1982	
15668	1816	11656	
15674	6701	14876	
15676	919	12686	
14217	115	
15678	15542	
18	13163	11111	
15680	11581	
15682	5669	
15686	8920	
15690	2801	
13116	13117	1025	
13122	13123	3	
14374	14375	7072	
18	15697	15454	
18	15697	1839	
15089	15090	5938	12746	
14513	14514	7570	
15703	141	7106	
14932	14933	13351	10539	
15705	15706	15803	
15710	15706	552	
14564	14565	1061	
15712	14275	
15714	6861	
13721	4026	9219	
18	15720	11452	
15722	18	2441	
14259	14260	16239	
15724	15725	4583	
15729	3916	1661	
10239	15733	9243	5873	
15735	18	1783	
15739	18	3395	
15747	8799	5423	
18	15575	9068	
15751	9182	
12452	12453	7035	
15753	15754	1019	
15761	14555	15704	15109	
14555	15763	6207	6165	
15765	15766	9743	11220	
15768	4723	2329	15098	
15770	4723	14766	15935	
15772	14934	1457	45	
4723	15774	7725	12172	
15782	11733	3853	
14869	12459	4877	
13504	14871	3980	
14869	14873	13007	
12078	14636	11655	14206	
15786	18	9328	
15786	18	4431	
15786	18	3038	
15788	6054	
18	15218	7065	
15790	3383	15741	
1195	15794	1857	
8462	14317	14318	5760	6385	15653	5752	10347	
14217	3286	
15800	18	2916	
15802	15803	13312	
13556	13557	11572	
15809	15810	1640	9408	
11827	15822	1609	
14326	9873	7228	
14329	14326	15786	
14335	14326	15886	
14338	13336	2995	
14342	14338	6842	
15281	15282	10825	
12020	12021	1846	
13981	7168	2041	
13981	13983	15187	
15829	15830	6798	
15832	15830	449	
15837	15838	7905	
15842	15843	5863	
18	13764	16011	
15855	15856	4524	
15858	15859	6714	
15863	15864	1326	
15863	15866	4295	
15868	15869	10149	
15873	15874	9173	
15879	15880	15925	
5184	6544	7077	
15887	8904	4745	
13357	13358	15361	
13357	6037	7586	
6372	15896	10046	
12636	15898	10148	4416	7157	
15903	18	4265	
15905	18	11209	
15907	18	4805	
15909	18	4993	
15911	18	6100	
4650	15920	4184	7773	
14494	18	4646	
14496	18	8682	
2519	2520	6943	
15565	14960	11320	
15925	70	1025	
15932	15933	10497	
15935	15933	9721	
15939	18	714	
4206	13033	14183	
11847	18	15365	
12742	12743	11473	
12678	12679	6673	
15943	15944	4297	687	
18	15236	10005	
15238	18	7197	
4918	13766	4422	
13768	13769	15598	
14443	14444	9613	
11856	15949	2605	
4918	15951	14568	
14095	4258	5761	
14097	5555	750	
12085	18	12747	
15957	15958	7198	
15963	15964	4962	
8160	15970	1379	
15972	6701	5001	
14867	18	40	
15978	15979	13973	
15986	18	13068	
14522	18	7274	
15988	14555	9480	420	
15990	15991	6660	2805	
1968	15993	5233	2473	
13025	13026	4244	
10808	733	13971	
10817	10818	13880	
10812	10820	12666	
10823	12303	13289	
10823	733	14085	
10828	10823	14623	
10823	10830	2528	
10832	10837	4366	
10842	10833	1920	
10842	10837	7037	
10842	1558	825	
10842	1639	11485	
10810	10820	8363	
1061	16000	3550	3162	
14726	553	9520	
16007	16005	3360	
16009	16005	7012	
16014	16015	12684	
13626	13627	2953	
1061	16021	8454	5820	
15120	15121	6789	
16033	18	7403	
16037	16038	759	
16040	16041	600	
16044	16045	5841	
16049	18	7171	
16051	189	
16053	18	13065	
16055	16056	8011	
16062	18	13111	
16064	18	9013	
12465	12466	9005	14182	
8323	14083	8535	1150	
14262	14263	3967	
14268	14262	15211	
14263	14274	6252	
16071	3147	15454	11452	
16076	4384	7339	13276	
4200	16077	5844	
16080	16081	11424	
16083	16084	4542	
9427	13688	5312	
13466	13467	8426	
14677	14678	1123	
16088	8589	7556	9726	
12388	16089	4530	5250	
16094	12031	
2519	2520	227	
13154	11927	
12768	9424	5920	
391	12771	9243	
11934	11935	4764	
16110	16111	16112	8823	14542	11018	
202	13899	6345	
4042	13899	13343	
627	13904	1247	
13913	70	218	
13901	13911	13321	
13921	1246	10420	
4042	13923	2353	
13930	13931	607	
13933	1246	13940	
13937	13911	1488	
13939	1246	4823	
4042	13945	9278	
4042	13947	5490	
13956	13917	4191	
13958	4042	11348	
1061	14134	13873	5102	
4206	15335	5572	
4206	15335	903	
4206	15337	5017	
14905	14906	11157	
14908	14905	2788	
14898	14910	2336	
14912	14913	15235	
14915	14916	635	
14915	14918	96	
16123	14920	3835	
14930	14905	643	
16127	18	5834	
16129	18	13901	
16131	16132	442	
561	15548	15069	11703	
12491	12492	12045	
14706	14707	4733	
13453	18	3200	
16145	4024	
16149	2592	
14732	18	14411	
14734	14735	9150	
16160	10174	
16162	18	15301	
12853	18	15215	
16166	18	9001	
4206	15335	8287	
1176	4984	6286	
16182	16183	921	565	
14329	14326	3882	
14331	14326	12290	
10336	14326	13157	
14338	13336	3490	
14342	14338	11624	
16184	16185	3355	
16194	4129	
14356	16196	6062	
16202	16203	5945	
3547	13960	2921	
16207	16208	15696	6415	
942	16211	7594	
15098	18	7504	
15104	18	10670	
12447	12448	792	
16215	18	14505	
15500	15501	14462	
16231	2384	2132	9126	
16231	16233	14997	3743	
18	14812	14718	
12965	12966	1433	
14522	18	664	
18	15236	9446	
15238	18	1391	
13281	18	13570	
13283	18	4836	
13285	18	14296	
13743	16255	203	15849	
13743	16255	137	4513	
3334	2500	4276	5228	
16257	16258	8332	13548	
3547	13960	11616	
2979	16263	15107	
16270	12153	7192	
14562	18	10836	
15092	15093	9046	
13430	18	4528	
16278	16279	1524	
15523	15524	3018	
33	13783	15167	746	
13785	2417	2359	482	
13791	3162	9326	12475	
1061	13789	11908	4267	
11159	11160	2891	6333	
11163	11164	9799	
16286	13388	9480	
16291	18	10259	
